Режим калибровки:

428856000;75,72;-90;75,72
428904828;75,74;-90;75,74
428953656;75,77;-90;75,77
429002484;75,78;-90;75,78
429051312;75,81;-90;75,81
429100140;75,84;-89,28;75,12
429148968;75,86;-90;75,86
429197796;75,88;-90;75,88
429246624;75,91;-90;75,91
429295452;75,92;-90;75,92
429344280;75,94;-90;75,94
429393108;75,96;-90;75,96
429441936;75,99;-90;75,99
429490764;76;-90;76
429539592;76,03;-90;76,03
429588420;76,05;-85,19;71,24
429637248;76,07;-86,53;72,6
429686076;76,09;-85,82;71,91
429734904;76,11;-90;76,11
429783732;76,13;-87,4;73,54
429832560;76,16;-87,64;73,8
429881388;76,17;-85,62;71,79
429930216;76,19;-90;76,19
429979044;76,21;-90;76,21
430027872;76,23;-90;76,23
430076700;76,25;-90;76,25
430125528;76,27;-90;76,27
430174356;76,28;-90;76,28
430223184;76,31;-90;76,31
430272012;76,32;-90;76,32
430320840;76,34;-90;76,34
430369668;76,36;-90;76,36
430418496;76,38;-90;76,38
430467324;76,39;-90;76,39
430516152;76,41;-89,19;75,6
430564980;76,43;-89,6;76,03
430613808;76,45;-89,9;76,35
430662636;76,46;-88,93;75,39
430711464;76,48;-88,27;74,75
430760292;76,5;-89,04;75,54
430809120;76,51;-88,03;74,54
430857948;76,53;-86,89;73,41
430906776;76,55;-87,83;74,37
430955604;76,57;-87,83;74,4
431004432;76,59;-86,53;73,12
431053260;76,6;-86,89;73,49
431102088;76,62;-85,69;72,31
431150916;76,63;-85,62;72,25
431199744;76,65;-84,73;71,38
431248572;76,67;-84,37;71,04
431297400;76,68;-84,26;70,94
431346228;76,68;-84,62;71,3
431395056;76,71;-85,03;71,73
431443884;76,72;-85,71;72,43
431492712;76,74;-87,87;74,61
431541540;76,75;-89,78;76,54
431590368;76,77;-90;76,77
431639196;76,78;-89,08;75,86
431688024;76,79;-89,94;76,73
431736852;76,81;-89,39;76,21
431785680;76,82;-90;76,82
431834508;76,83;-89,58;76,41
431883336;76,83;-89,31;76,14
431932164;76,85;-89,19;76,04
431980992;76,86;-89,81;76,67
432029820;76,88;-89,92;76,79
432078648;76,89;-89,6;76,49
432127476;76,9;-88,63;75,53
432176304;76,91;-89,93;76,85
432225132;76,92;-89,87;76,79
432273960;76,93;-88,6;75,53
432322788;76,94;-88,31;75,25
432371616;76,97;-88,24;75,21
432420444;77;-87,78;74,77
432469272;77,02;-87,24;74,26
432518100;77,06;-86,65;73,71
432566928;77,08;-86,28;73,35
432615756;77,11;-90;77,11
432664584;77,13;-90;77,13
432713412;77,16;-90;77,16
432762240;77,17;-89,24;76,4
432811068;77,19;-90;77,19
432859896;77,22;-90;77,22
432908724;77,25;-87,61;74,86
432957552;77,26;-90;77,26
433006380;77,29;-90;77,29
433055208;77,32;-89,64;76,96
433104036;77,33;-86,11;73,44
433152864;77,36;-85,89;73,25
433201692;77,38;-89,35;76,73
433250520;77,41;-86,65;74,06
433299348;77,43;-87,49;74,92
433348176;77,46;-90;77,46
433397004;77,5;-90;77,5
433445832;77,51;-90;77,51
433494660;77,53;-90;77,53
433543488;77,55;-90;77,55
433592316;77,56;-89,87;77,44
433641144;77,58;-89,67;77,26
433689972;77,61;-90;77,61
433738800;77,63;-89,05;76,68
433787628;77,64;-90;77,64
433836456;77,67;-90;77,67
433885284;77,69;-89,97;77,66
433934112;77,72;-90;77,72
433982940;77,72;-90;77,72
434031768;77,75;-90;77,75
434080596;77,76;-90;77,76
434129424;77,78;-90;77,78
434178252;77,8;-90;77,8
434227080;77,83;-90;77,83
434275908;77,84;-89,48;77,31
434324736;77,86;-89,46;77,32
434373564;77,87;-89,26;77,14
434422392;77,9;-90;77,9
434471220;77,91;-89,8;77,71
434520048;77,93;-89,87;77,8
434568876;77,95;-89,78;77,73
434617704;77,97;-90;77,97
434666532;77,98;-90;77,98
434715360;78;-90;78
434764188;78,01;-89,82;77,83
434813016;78,03;-89,6;77,63
434861844;78,05;-89,11;77,16
434910672;78,07;-89,41;77,48
434959500;78,08;-89,57;77,66
435008328;78,1;-90;78,1
435057156;78,12;-88,91;77,03
435105984;78,14;-89,77;77,91
435154812;78,17;-90;78,17
435203640;78,18;-88;76,18
435252468;78,19;-88,88;77,07
435301296;78,2;-89,27;77,47
435350124;78,22;-89,25;77,48
435398952;78,24;-89,75;77,99
435447780;78,26;-88,43;76,69
435496608;78,28;-88,81;77,09
435545436;78,3;-90;78,3
435594264;78,31;-90;78,31
435643092;78,32;-89,74;78,06
435691920;78,34;-85,49;73,83
435740748;78,35;-84,54;72,88
435789576;78,36;-85,99;74,36
435838404;78,39;-85,6;73,99
435887232;78,4;-85,95;74,35
435936060;78,42;-85,91;74,34
435984888;78,43;-90;78,43
436033716;78,45;-86,44;74,89
436082544;78,47;-86,81;75,28
436131372;78,47;-87,78;76,25
436180200;78,48;-88,33;76,82
436229028;78,5;-89,58;78,08
436277856;78,51;-88,65;77,16
436326684;78,53;-90;78,53
436375512;78,54;-90;78,54
436424340;78,56;-90;78,56
436473168;78,57;-90;78,57
436521996;78,59;-90;78,59
436570824;78,6;-90;78,6
436619652;78,61;-90;78,61
436668480;78,62;-90;78,62
436717308;78,63;-90;78,63
436766136;78,65;-90;78,65
436814964;78,66;-90;78,66
436863792;78,67;-90;78,67
436912620;78,68;-90;78,68
436961448;78,69;-90;78,69
437010276;78,71;-90;78,71
437059104;78,72;-90;78,72
437107932;78,74;-90;78,74
437156760;78,74;-90;78,74
437205588;78,75;-90;78,75
437254416;78,76;-90;78,76
437303244;78,77;-90;78,77
437352072;78,78;-90;78,78
437400900;78,8;-90;78,8
437449728;78,8;-90;78,8
437498556;78,82;-90;78,82
437547384;78,82;-90;78,82
437596212;78,84;-90;78,84
437645040;78,84;-90;78,84
437693868;78,86;-90;78,86
437742696;78,86;-90;78,86
437791524;78,87;-90;78,87
437840352;78,88;-90;78,88
437889180;78,89;-90;78,89
437938008;78,9;-90;78,9
437986836;78,92;-90;78,92
438035664;78,91;-90;78,91
438084492;78,93;-90;78,93
438133320;78,93;-88,37;77,3
438182148;78,94;-88,5;77,44
438230976;78,95;-90;78,95
438279804;78,96;-89,7;78,66
438328632;78,96;-90;78,96
438377460;78,97;-90;78,97
438426288;78,98;-90;78,98
438475116;78,99;-90;78,99
438523944;79;-90;79
438572772;79,01;-90;79,01
438621600;79,02;-90;79,02
438670428;79,02;-90;79,02
438719256;79,03;-90;79,03
438768084;79,04;-90;79,04
438816912;79,05;-90;79,05
438865740;79,06;-86,63;75,68
438914568;79,06;-90;79,06
438963396;79,07;-90;79,07
439012224;79,08;-90;79,08
439061052;79,08;-90;79,08
439109880;79,09;-90;79,09
439158708;79,1;-90;79,1
439207536;79,1;-90;79,1
439256364;79,11;-90;79,11
439305192;79,12;-90;79,12
439354020;79,12;-90;79,12
439402848;79,12;-89,75;78,87
439451676;79,13;-89,56;78,69
439500504;79,14;-88,9;78,03
439549332;79,14;-86,35;75,49
439598160;79,14;-88,21;77,35
439646988;79,14;-88,47;77,61
439695816;79,15;-89,04;78,19
439744644;79,15;-87,73;76,88
439793472;79,16;-87,67;76,82
439842300;79,16;-87,77;76,94
439891128;79,16;-88,22;77,39
439939956;79,17;-88,51;77,68
439988784;79,18;-89,51;78,68
440037612;79,17;-88,62;77,79
440086440;79,18;-88,32;77,5
440135268;79,18;-89,01;78,19
440184096;79,18;-88,71;77,89
440232924;79,19;-88,23;77,42
440281752;79,19;-88,02;77,21
440330580;79,2;-88,64;77,84
440379408;79,2;-88,93;78,13
440428236;79,2;-89,45;78,66
440477064;79,21;-87,59;76,79
440525892;79,2;-88,12;77,32
440574720;79,21;-89,01;78,22
440623548;79,21;-88,24;77,45
440672376;79,21;-88,67;77,87
440721204;79,21;-87,61;76,82
440770032;79,21;-89,35;78,56
440818860;79,21;-88,53;77,74
440867688;79,21;-88,59;77,8
440916516;79,21;-88,93;78,15
440965344;79,22;-89,94;79,15
441014172;79,21;-89,21;78,42
441063000;79,22;-89,1;78,32
441111828;79,22;-89,26;78,47
441160656;79,22;-88,63;77,85
441209484;79,23;-86,56;75,79
441258312;79,22;-84,2;73,43
441307140;79,22;-82,1;71,33
441355968;79,22;-80,57;69,79
441404796;79,22;-79,49;68,72