6,-8;
-5,-20;
0,1;
21,-1;
16,29;
-14,43;
-17,47;
-37,-28;
-37,-6;
10,35;
19,-47;
-2,-14;
29,6;
15,-20;
-28,29;
15,4;
-20,32;
-8,45;
33,-7;
-13,44;
18,21;
14,-3;
-30,47;
8,20;
28,6;
22,2;
15,-7;
-15,30;
21,26;
40,2;
6,-14;
23,11;
-1,26;
-26,1;
23,13;
-6,14;
-11,22;
26,26;
-26,8;
-13,3;
22,-11;
-26,-6;
6,1;
46,-8;
-25,17;
3,21;
5,8;
-40,28;
30,36;
34,19;
-4,5;
-12,34;
27,2;
23,-20;
-19,14;
3,-7;
18,29;
33,36;
-17,-15;
1,26;
49,40;
0,-10;
12,-5;
-14,-14;
-14,-30;
-18,11;
-22,-5;
9,-15;
-30,8;
17,3;
47,8;
-13,-6;
-15,8;
19,32;
-11,-19;
-19,-34;
-17,15;
-21,32;
45,6;
16,-9;
-10,10;
27,-1;
-12,-8;
0,-19;
39,-4;
28,22;
10,-20;
-9,-37;
0,-1;
-21,25;
-6,-16;
15,-22;
-23,29;
16,13;
-8,-20;
-22,18;
32,10;
3,-19;
-22,-1;
-17,32;
4,45;
9,10;
2,44;
-1,28;
14,-12;
0,4;
-27,2;
18,7;
5,20;
33,35;
18,-2;
-26,2;
25,-2;
-7,4;
-7,22;
-3,-13;
25,-1;
34,14;
-10,32;
6,21;
-10,20;
-17,-6;
6,-28;
1,28;
-25,-4;
-4,-8;
-3,16;
-3,-23;
22,-13;
-17,19;
11,11;
17,-47;
-45,-36;
-32,22;
-1,-7;
11,-23;
2,44;
10,11;
3,-41;
-24,28;
1,30;
12,5;
-9,-16;
23,6;
16,7;
-20,-6;
-8,51;
-9,4;
-3,2;
1,39;
18,-19;
-31,-3;
-31,21;
8,2;
-30,8;
3,5;
3,33;
2,4;
11,-11;
-9,23;
17,-1;
30,5;
12,5;
-3,19;
24,19;
-12,10;
-12,29;
38,31;
3,39;
-7,3;
-5,0;
36,17;
51,-5;
-9,14;
-1,23;
38,13;
42,23;
14,17;
-8,22;
-8,-3;
4,-10;
9,11;
4,-15;
26,13;
9,14;
-20,-12;
26,15;
24,-5;
-9,-10;
17,16;
32,16;
9,11;
-7,16;
-1,21;
16,27;
18,11;
4,-3;
6,18;
-1,9;
-22,20;
9,18;
20,-46;
-15,-19;
27,27;
24,8;
0,5;
9,-9;
-9,15;
17,21;
6,-27;
-20,-2;
14,28;
-1,13;
-8,-13;
4,-13;
-8,1;
30,41;
11,33;
10,3;
1,0;
-43,-2;
11,2;
-2,1;
-19,40;
16,-11;
9,-16;
2,26;
3,-17;
19,-5;
15,5;
14,6;
5,5;
8,-4;
-14,20;
-25,21;
10,-15;
-35,-9;
20,4;
41,6;
-33,-8;
10,2;
9,6;
-14,-21;
37,6;
-4,-9;
-41,-10;
11,12;
-3,-15;
-6,-6;
10,9;
4,-3;
5,4;
2,2;
9,23;
11,36;
-7,7;
12,34;
35,20;
-2,4;
17,30;
16,5;
-3,6;
16,0;
-20,-12;
-25,-8;
19,6;
27,14;
1,3;
15,24;
5,25;
17,-11;
32,6;
-2,21;
-12,11;
5,19;
47,6;
24,22;
-10,18;
14,-9;
10,13;
6,26;
29,-38;
-31,-23;
9,31;
32,-47;
-53,-30;
-11,38;
4,5;
20,-7;
18,19;
-13,13;
35,-7;
35,15;
15,23;
8,13;
-7,29;
9,11;
-21,-6;
1,12;
30,12;
-7,1;
33,-5;
22,20;
2,5;
8,-35;
5,-20;
20,-15;
-13,-14;
-22,33;
22,46;
30,-30;
-11,-25;
-16,0;
-2,-24;
18,26;
46,23;
5,-7;
-21,14;
29,7;
20,16;
-2,29;
10,17;
16,1;
-14,-24;
8,-1;
31,29;
10,-7;
22,-8;
-6,41;
-6,5;
-1,-13;
6,4;
19,-14;
0,-18;
25,9;
30,12;
14,-15;
29,16;
15,-18;
-29,-35;
-28,18;
0,15;
2,11;
32,22;
11,16;
-38,-2;
-12,31;
5,30;
32,6;
48,-10;
-37,-39;
-44,2;
37,-1;
20,-5;
-4,12;
-3,0;
-21,6;
-31,14;
-3,39;
17,23;
21,3;
7,-9;
-28,-14;
-4,5;
33,-8;
33,18;
8,27;
-13,-27;
-8,-16;
-4,4;
-15,-20;
-4,7;
2,26;
-26,-19;
-22,-8;
14,39;
-16,3;
-32,7;
33,22;
12,-23;
-10,28;
34,67;
11,13;
3,20;
41,38;
2,8;
-7,28;
41,4;
-14,-5;
-23,38;
1,-18;
-17,8;
14,45;
7,-1;
11,38;
9,17;
-15,-1;
0,12;
-15,-3;
-12,-3;
-8,-21;
22,17;
41,8;
0,-9;
-10,21;
17,-18;
-4,-4;
-8,56;
2,21;
-25,-13;
2,-23;
-7,-3;
-7,0;
12,19;
-1,50;
-9,-3;
18,8;
6,11;
-12,3;
26,19;
4,12;
22,18;
34,-11;
18,15;
-9,26;
-46,-19;
-10,6;
16,-14;
-5,-39;
1,18;
48,0;
-5,-20;
-7,6;
33,0;
2,-4;
23,-53;
12,-13;
-15,11;
3,-27;
15,15;
32,-19;
17,-14;
-12,36;
52,-15;
18,-14;
-29,15;
10,-7;
-30,-15;
-8,15;
5,36;
-25,-1;
-1,18;
-21,31;
-4,-12;
44,-28;
-8,27;
-22,33;
-1,8;
-5,35;
2,6;
-22,9;
-5,28;
7,13;
-21,9;
-1,17;
4,-22;
-2,-6;
17,39;
10,8;
-14,-9;
-15,-14;
6,10;
9,-6;
3,8;
17,37;
-12,-8;
-11,19;
16,25;
-32,-2;
-28,15;
11,9;
-2,21;
-9,-7;
-40,-8;
-16,24;
21,-8;
-23,36;
-8,4;
9,-27;
25,26;
-6,-5;
-21,28;
10,38;
-1,11;
14,15;
-1,0;
-25,40;
-10,33;
9,-15;
-9,-13;
-6,9;
2,-2;
-16,-10;
-3,35;
-22,4;
8,-4;
26,8;
-4,-31;
-1,8;
-5,21;
13,-13;
-10,5;
-28,15;
-23,0;
-12,-2;
-15,27;
-16,19;
14,8;
-8,22;
-22,3;
11,20;
30,2;
26,-25;
12,18;
1,-25;
31,-5;
12,47;
-32,-33;
-16,3;
-12,26;
5,0;
21,31;
12,-10;
23,-18;
18,-2;
-7,-20;
-17,19;
4,34;
19,-1;
1,23;
12,18;
6,-3;
-30,7;
10,14;
39,16;
-12,-17;
-9,16;
18,37;
-23,-13;
11,20;
27,-10;
-50,-59;
-23,8;
28,9;
-17,2;
-30,11;
14,-1;
6,23;
-9,0;
4,-15;
4,7;
23,19;
24,26;
-14,-28;
-12,-28;
19,47;
22,-17;
-22,-6;
8,61;
43,-4;
-41,8;
-31,12;
41,5;
11,31;
-3,-7;
12,-8;
4,9;
0,-9;
-21,4;
2,23;
15,5;
3,-31;
2,-21;
-3,19;
20,-5;
-14,-8;
-22,27;
18,11;
15,10;
20,18;
12,-4;
-23,-29;
-9,-7;
30,23;
-3,16;
12,15;
18,10;
-17,9;
10,-7;
-32,17;
-3,33;
39,-3;
-15,-18;
14,-11;
3,43;
6,13;
3,-36;
-32,9;
25,0;
-5,-29;
-13,18;
42,25;
3,-33;
-10,18;
4,37;
30,6;
28,25;
-22,-13;
9,20;
-11,28;
-29,8;
23,40;
4,11;
0,-15;
7,-18;
18,-1;
10,2;
-26,4;
10,-2;
-26,-8;
-46,28;
-21,16;
-28,0;
19,20;
-2,14;
20,24;
32,7;
-47,12;
3,58;
33,15;
9,1;
13,14;
-18,10;
3,14;
25,-11;
1,-1;
-3,11;
-14,-17;
-16,22;
24,26;
8,-11;
-7,33;
16,9;
13,-1;
25,3;
15,-9;
2,20;
-6,1;
2,7;
0,31;
-15,12;
13,7;
23,-10;
-22,-24;
-8,16;
26,-1;
-23,-1;
6,37;
5,13;
-55,19;
-4,29;
17,-2;
-2,-16;
12,-4;
-7,-16;
-38,-1;
-1,12;
3,-20;
-4,19;
2,17;
-8,3;
38,29;
13,19;
-4,31;
17,5;
-5,-36;
-19,25;
0,47;
0,-22;
-25,11;
4,23;
20,-3;
16,4;
-2,-4;
15,3;
1,-9;
-11,4;
7,1;
-16,6;
25,26;
3,15;
0,24;
13,19;
3,15;
6,1;
-22,0;
13,15;
-23,-1;
-12,21;
27,32;
3,-10;
1,16;
5,17;
18,-19;
2,10;
8,8;
26,15;
22,25;
23,6;
10,8;
-19,16;
-14,-4;
17,6;
30,9;
17,-3;
-5,15;
-26,7;
-7,3;
12,-4;
-25,14;
-12,47;
-2,7;
-27,23;
20,33;
16,-8;
-5,19;
27,2;
-5,-11;
17,11;
23,-13;
-26,-8;
26,24;
3,-4;
-29,-11;
-4,3;
-22,14;
-10,20;
2,24;
36,1;
27,-18;
-11,10;
12,21;
1,2;
-9,-16;
-7,47;
17,48;
28,17;
-23,31;
18,23;
26,-2;
-20,-3;
-2,46;
-16,37;
23,17;
46,47;
7,22;
-6,0;
0,19;
13,-4;
7,14;
-19,3;
1,-20;
15,-22;
-54,-7;
5,31;
15,-21;
-36,4;
20,34;
-4,8;
-15,30;
-5,33;
20,-8;
21,-29;
12,30;
26,0;
-3,-2;
25,43;
18,-1;
25,13;
28,-9;
-7,-35;
-23,1;
-28,27;
32,11;
7,-14;
-25,8;
-16,13;
-22,32;
17,30;
11,-27;
-6,-15;
27,37;
37,11;
26,-18;
6,15;
-35,17;
-13,10;
30,29;
-5,29;
4,37;
9,15;
-41,16;
-16,31;
11,-19;
26,-2;
30,16;
4,-27;
-11,-1;
-10,23;
30,19;
-2,14;
-45,7;
-3,18;
-6,-15;
-7,19;
-13,48;
-19,-18;
13,-15;
6,-11;
-4,7;
19,19;
6,-29;
-22,-5;
-21,42;
-2,41;
11,4;
14,-18;
-3,16;
-16,25;
24,-21;
-13,21;
3,36;
40,-9;
-21,20;
2,15;
-1,-2;
-2,12;
33,20;
20,9;
5,-8;
-37,10;
4,11;
31,-6;
-2,-9;
10,-12;
-34,-14;
-24,-9;
-21,25;
-9,-6;
41,-13;
8,21;
2,-15;
-13,3;
-10,18;
1,1;
4,28;
18,11;
-1,-26;
12,-1;
3,12;
-4,-17;
23,7;
0,24;
-7,6;
48,2;
21,9;
-15,24;
40,-16;
28,-12;
-22,20;
13,10;
17,13;
-7,11;
18,25;
41,29;
11,11;
-33,-4;
3,5;
-1,16;
-19,-16;
9,30;
-11,47;
-2,-12;
22,5;
-13,9;
7,18;
35,16;
-5,14;
-19,8;
-22,-16;
-5,29;
-14,32;
11,2;
23,-16;
-28,24;
22,29;
-4,-19;
-30,25;
3,21;
-5,-12;
11,-11;
-12,20;
19,27;
28,14;
-24,53;
3,13;
10,13;
-25,41;
-5,-46;
1,-30;
-3,16;
23,-22;
-7,-14;
2,1;
36,20;
-2,9;
-19,-19;
-8,-4;
-15,28;
-3,16;
9,-31;
6,1;
-24,-4;
-27,-19;
38,17;
21,12;
-25,33;
-4,11;
24,-16;
-13,20;
-37,-7;
-1,-14;
-28,8;
7,7;
32,4;
-18,16;
21,32;
5,-17;
-14,16;
36,51;
-2,-2;
-10,9;
3,-3;
-11,-8;
12,14;
-19,21;
-6,28;
13,-10;
-12,-3;
-6,24;
-5,1;
-5,40;
-15,43;
0,-34;
-22,-7;
-18,13;
31,-13;
5,36;
13,13;
6,-30;
-3,20;
27,-6;
4,-21;
1,11;
-20,20;
-10,35;
22,-9;
-13,-13;
18,18;
37,17;
10,16;
-12,-7;
-15,-1;
0,42;
9,21;
20,-29;
10,12;
0,9;
-20,-9;
-16,27;
25,9;
32,-12;
-11,3;
-29,13;
-8,0;
14,22;
-17,60;
1,27;
30,-32;
3,14;
26,-3;
22,7;
44,43;
10,-24;
-33,17;
21,4;
15,-1;
-10,25;
16,11;
31,36;
11,-20;
5,-16;
-7,15;
8,12;
12,22;
10,-13;
-15,17;
-24,66;
46,-4;
-10,-29;
-19,3;
34,-26;
-15,-7;
-3,6;
20,7;
25,20;
11,-2;
-28,17;
28,19;
32,-3;
-17,-11;
20,3;
-17,12;
-14,8;
38,39;
-15,24;
12,28;
25,18;
-5,4;
23,36;
14,0;
14,25;
39,15;
27,-29;
-27,6;
-41,21;
-9,16;
3,4;
0,26;
-7,14;
-6,-18;
17,23;
22,8;
-12,7;
-16,45;
-5,0;
0,12;
23,8;
-2,-7;
4,59;
26,17;
-18,-10;
-12,24;
32,16;
18,30;
0,17;
16,13;
-3,42;
24,12;
9,-6;
-3,-1;
28,-21;
-37,-14;
-17,-9;
-12,-18;
-16,4;
53,9;
33,-4;
-2,15;
-25,11;
-24,3;
11,15;
-14,-7;
-10,-14;
-9,9;
-16,21;
31,21;
-1,10;
-26,26;
1,21;
11,-15;
-11,-20;
-12,-7;
16,1;
-12,-4;
-21,27;
7,24;
-15,-16;
-16,8;
25,7;
3,13;
-11,53;
-1,-7;
8,-9;
29,30;
13,-8;
26,15;
14,-8;
-11,-18;
26,4;
44,-22;
13,-7;
0,8;
8,15;
-5,3;
27,20;
41,18;
-9,6;
-5,17;
26,9;
25,0;
8,-23;
-15,7;
9,4;
50,-16;
10,-18;
26,-3;
9,39;
-9,22;
50,12;
-2,-2;
-8,12;
16,23;
-3,-3;
-27,10;
-8,10;
30,-2;
-40,6;
-31,32;
26,31;
-11,26;
12,-7;
2,-39;
5,20;
52,11;
-16,-20;
-33,20;
4,1;
2,-26;
-8,22;
3,37;
29,20;
-25,30;
-6,29;
36,0;
-22,7;
8,20;
6,-23;
-36,-6;
6,42;
27,7;
5,-1;
3,17;
1,6;
-4,23;
13,-5;
-14,-29;
-14,0;
2,23;
-10,0;
9,-11;
-6,27;
5,20;
11,15;
-35,6;
-26,16;
4,0;
4,-51;
-11,7;
-9,13;
2,7;
24,12;
6,-30;
-23,-4;
-21,0;
6,11;
37,10;
-32,-29;
-31,26;
52,21;
22,-20;
-6,10;
-33,4;
-5,26;
12,6;
-29,-35;
17,-2;
-13,-4;
9,6;
45,22;
-12,1;
22,9;
25,0;
6,-16;
6,-4;
2,13;
13,13;
15,21;
59,1;
12,-20;
-23,33;
22,11;
12,20;
15,24;
-2,-26;
5,2;
36,-27;
1,-13;
-21,27;
23,12;
31,10;
-4,15;
4,30;
-8,10;
1,12;
5,21;
-8,-3;
17,-1;
-9,19;
-10,4;
-1,-6;
9,3;
11,-9;
-2,-15;
4,-5;
-6,4;
4,-16;
8,-18;
-2,31;
17,14;
23,-29;
-8,12;
-11,22;
-19,3;
3,28;
31,46;
23,43;
17,34;
-2,-16;
-9,-13;
23,16;
8,-38;
-36,-6;
16,9;
6,16;
-1,46;
17,4;
-23,37;
3,44;
43,-16;
-4,12;
-14,17;
40,-19;
-3,39;
20,26;
0,8;
-28,38;
50,-8;
1,-7;
15,2;
27,-13;
-32,-2;
26,19;
5,19;
-21,29;
25,28;
-28,-3;
-14,18;
33,11;
-31,13;
-39,5;
-9,-32;
9,11;
-4,-6;
-39,-1;
33,13;
16,-43;
-36,-2;
22,33;
-3,12;
-10,-1;
16,18;
-9,5;
6,9;
16,64;
-27,18;
-24,20;
43,-6;
16,-34;
-40,35;
-17,-14;
-7,-17;
-13,29;
14,16;
16,30;
14,-4;
16,-31;
-29,-6;
2,22;
33,-4;
-11,-34;
8,25;
22,-7;
-8,-2;
-9,55;
-5,-11;
-9,-17;
9,17;
16,11;
-19,21;
2,30;
10,8;
-24,-23;
-17,5;
-5,28;
-3,-12;
0,15;
-1,-16;
-5,-23;
34,14;
33,-17;
4,28;
-8,-5;
-6,-12;
-6,36;
-7,-9;
1,12;
0,25;
13,-23;
-14,4;
-21,8;
-2,-12;
7,12;
2,2;
-31,-17;
-12,16;
18,47;
2,-36;
2,13;
23,43;
22,-47;
-11,12;
5,14;
30,-40;
-4,-14;
-1,13;
-13,-21;
-12,-24;
11,1;
2,-6;
26,-2;
33,11;
5,-18;
5,-28;
5,12;
6,-2;
-9,7;
-8,19;
39,-30;
-23,-39;
-22,-18;
11,-13;
2,28;
39,-1;
-9,-12;
-20,47;
9,12;
6,1;
-4,25;
1,-4;
19,3;
-6,6;
-16,-18;
-11,18;
-2,26;
15,1;
-17,-15;
-34,6;
3,36;
20,14;
16,5;
-4,2;
7,25;
37,27;
5,21;
-6,36;
24,16;
0,-7;
-44,-10;
-1,32;
31,11;
-3,8;
5,47;
20,20;
-29,27;
-7,8;
61,3;
2,44;
2,11;
39,12;
12,10;
10,-25;
-12,8;
21,17;
23,-9;
13,29;
49,66;
0,10;
20,0;
15,17;
-26,-13;
12,10;
-15,20;
-6,17;
1,19;
-13,12;
3,15;
-11,-34;
-13,-2;
-12,49;
-14,-8;
-13,-8;
-6,13;
-4,31;
29,35;
2,16;
-23,41;
2,1;
-25,-22;
-31,22;
-13,-7;
-2,-9;
-24,21;
2,-13;
10,14;
-32,33;
14,-2;
28,19;
19,-6;
27,-17;
-11,4;
-28,5;
12,21;
41,13;
17,22;
-19,31;
-23,-1;
15,-5;
0,9;
-2,-4;
3,-13;
-29,22;
-1,3;
-13,-8;
-18,28;
-13,-16;
-16,21;
-6,54;
3,1;
23,5;
-5,7;
15,24;
23,7;
-8,-1;
-17,31;
-14,22;
10,15;
-7,-8;
12,30;
56,39;
6,-13;
-39,25;
30,19;
15,-12;
-24,-33;
32,-35;
9,14;
-5,-18;
32,19;
20,22;
-17,-21;
9,8;
21,-8;
-9,12;
6,22;
17,7;
1,21;
13,24;
2,-4;
-36,0;
3,15;
13,5;
-17,5;
3,-2;
5,1;
-2,34;
-27,1;
-22,-4;
9,14;
-16,-19;
-3,26;
-1,24;
-4,7;
14,32;
11,24;
24,7;
23,-28;
3,-32;
-6,-2;
-42,-22;
-13,16;
36,48;
4,-22;
2,-9;
4,28;
10,20;
6,4;
-17,16;
-25,33;
-21,-20;
6,-21;
3,13;
-22,26;
27,16;
20,10;
-22,29;
-6,28;
-15,8;
1,-16;
3,7;
26,1;
6,-19;
-34,4;
41,13;
3,-9;
-18,10;
28,26;
-4,-26;
13,-8;
25,-2;
22,-33;
-6,5;
-5,23;
31,-29;
-7,-32;
-15,-4;
3,15;
-20,39;
-8,3;
30,21;
20,-27;
1,-58;
-11,24;
-25,18;
40,32;
56,26;
4,-33;
26,-13;
8,-5;
8,-5;
12,34;
-22,2;
-7,-9;
-19,28;
15,-21;
6,-21;
-15,21;
1,9;
-18,42;
15,7;
-12,-14;
-19,35;
-17,13;
-26,0;
7,-5;
-27,-4;
-27,-7;
5,10;
-10,28;
-13,9;
32,41;
41,35;
-13,7;
-20,33;
10,24;
0,5;
-16,2;
-10,21;
18,27;
-1,-3;
-10,11;
28,10;
27,-23;
38,-18;
15,-9;
-22,-17;
3,3;
15,1;
6,-29;
15,-14;
13,-28;
-21,-13;
-9,1;
4,-17;
-25,12;
3,9;
12,-20;
-45,-27;
-5,-7;
-8,1;
-32,27;
21,23;
12,9;
40,7;
22,-22;
-21,-1;
12,12;
10,-16;
-22,-36;
-7,16;
34,13;
23,-30;
-8,6;
20,3;
29,-6;
2,7;
20,-9;
-14,-15;
-11,-4;
4,19;
2,17;
27,2;
-6,21;
16,-9;
17,-18;
-22,17;
4,7;
7,-4;
3,10;
10,17;
-31,14;
-1,46;
17,24;
-6,-17;
7,6;
0,29;
12,-2;
1,-23;
11,9;
6,12;
15,5;
28,19;
-23,15;
3,10;
16,10;
19,-3;
29,-8;
1,16;
22,15;
-18,-26;
-27,17;
7,56;
-10,27;
6,56;
26,34;
21,-17;
8,3;
11,6;
-3,14;
-2,10;
14,-29;
6,5;
2,28;
7,-13;
25,-24;
-6,-17;
-21,17;
16,32;
7,-19;
-16,-31;
-15,22;
-8,24;
-13,12;
-15,22;
1,19;
12,8;
-2,-37;
-14,-13;
-9,30;
13,20;
23,12;
13,-19;
2,-23;
12,-9;
-5,3;
-29,30;
0,15;
-7,-14;
-30,7;
-7,19;
-14,-7;
-26,17;
5,8;
-26,-7;
-7,18;
18,-1;
-29,1;
-12,-1;
-2,7;
-2,-9;
-5,-15;
-13,36;
-7,30;
-13,9;
0,16;
0,38;
5,-2;
32,-27;
2,23;
-26,12;
7,-2;
20,11;
5,-3;
-12,-20;
24,-8;
19,2;
-41,-4;
9,20;
17,-3;
-25,9;
8,46;
11,-6;
-6,4;
6,1;
14,-13;
5,18;
-21,2;
-11,48;
23,26;
-9,-26;
-19,35;
20,13;
5,-27;
-21,-9;
3,15;
10,11;
7,7;
13,20;
-4,33;
4,44;
-11,13;
9,13;
13,-4;
-18,11;
26,29;
10,-21;
-15,-11;
-5,-9;
8,-22;
14,-10;
-13,21;
-17,12;
8,13;
-11,17;
-16,-6;
24,34;
4,9;
-27,-14;
-18,13;
-1,23;
11,7;
-4,-1;
-17,21;
-2,31;
-1,27;
1,-8;
2,21;
-16,9;
-2,-11;
8,28;
22,-23;
19,7;
-3,50;
32,-4;
1,15;
-13,5;
-2,-1;
3,26;
31,7;
-5,36;
-10,35;
-2,-4;
-22,8;
-3,11;
-2,25;
-14,42;
43,0;
3,-26;
-35,0;
35,19;
-5,-11;
-35,20;
9,45;
-3,-25;
-15,-4;
5,23;
8,1;
-8,11;
15,0;
31,19;
-8,49;
-4,17;
31,24;
21,49;
5,8;
12,-43;
-21,17;
-1,53;
48,-29;
-17,-7;
-28,28;
6,10;
-31,22;
-30,21;
19,10;
15,-8;
3,13;
8,11;
19,17;
17,4;
-11,-4;
17,1;
16,10;
8,65;
10,-14;
-13,-19;
-13,26;
-1,9;
2,11;
-14,-8;
-21,-15;
1,-8;
25,-1;
-3,4;
-9,32;
21,-2;
2,-18;
-25,23;
24,24;
35,8;
-9,-3;
10,7;
20,-7;
-1,-12;
6,3;
9,-13;
-11,0;
26,8;
2,-13;
-45,4;
0,6;
-15,17;
40,-2;
44,-37;
-24,40;
38,0;
16,-39;
5,32;
19,-11;
-2,9;
3,9;
-19,-21;
5,35;
-6,4;
9,5;
27,16;
-15,-19;
10,17;
26,7;
12,-15;
-21,-7;
-22,-3;
-3,21;
12,16;
19,25;
-25,0;
-41,4;
-16,34;
38,14;
21,23;
-13,12;
19,14;
-9,12;
-4,32;
43,18;
19,-29;
-5,8;
-19,0;
-2,14;
23,27;
10,4;
7,3;
-31,-18;
-29,0;
15,14;
-12,-15;
-33,-24;
-39,13;
-7,-3;
7,-7;
-5,17;
29,8;
-15,-4;
-16,-10;
61,-2;
20,10;
-8,42;
12,2;
-4,13;
-3,24;
-2,-31;
-23,14;
-7,21;
12,-7;
-16,30;
4,30;
5,-8;
-10,3;
1,17;
-3,1;
7,30;
11,18;
-5,-33;
-23,17;
10,13;
10,-5;
31,35;
46,-20;
-9,5;
28,41;
23,6;
-5,19;
-1,-13;
-2,-3;
-5,8;
-9,0;
15,5;
-23,-2;
4,37;
28,9;
-13,9;
6,50;
18,0;
11,23;
-39,42;
4,4;
36,38;
-34,0;
12,-25;
14,44;
22,45;
22,-8;
-37,-3;
16,35;
2,-8;
-38,-17;
17,15;
11,31;
15,60;
24,-6;
-24,-32;
3,-7;
-8,-13;
11,22;
24,21;
-33,18;
-2,42;
-29,20;
-6,13;
30,16;
-10,-20;
20,-5;
2,-17;
-19,-13;
13,29;
23,-4;
-15,-3;
-30,0;
10,16;
21,34;
28,3;
13,7;
-2,-6;
2,-10;
-6,16;
11,14;
12,-4;
10,-23;
14,8;
-5,8;
21,-4;
5,12;
-38,-7;
13,21;
48,23;
6,3;
-15,23;
8,-11;
9,-6;
-5,2;
-20,-9;
16,18;
11,-8;
-6,13;
-1,-2;
-41,-24;
9,43;
9,1;
15,-12;
19,-15;
-9,1;
24,29;
-23,-38;
-8,1;
5,24;
14,3;
31,-1;
-1,15;
20,-3;
-5,-16;
-1,36;
25,-38;
-2,-18;
-4,41;
-20,-8;
-8,0;
18,-10;
-18,-14;
-11,17;
9,-7;
-9,-28;
-4,17;
39,3;
12,-28;
-33,24;
39,-7;
-1,-22;
-22,27;
20,-6;
-6,23;
8,4;
-15,-13;
1,18;
-1,-12;
-20,9;
23,28;
11,13;
-13,-4;
7,-29;
-13,-34;
-15,9;
39,40;
26,-5;
-2,-4;
-1,23;
1,-13;
-6,22;
10,36;
16,5;
-7,24;
33,7;
46,-32;
-23,-23;
-11,22;
25,-3;
9,-25;
-23,20;
-26,38;
29,9;
12,-37;
3,22;
10,27;
-2,-22;
11,20;
-20,26;
-22,2;
16,-8;
-21,34;
-29,50;
34,19;
25,18;
14,5;
19,-30;
2,-38;
-14,-9;
15,15;
11,-4;
-24,20;
20,55;
28,-9;
-1,-30;
3,-10;
1,-18;
-16,6;
22,13;
39,7;
-21,-4;
4,25;
37,19;
-5,-4;
0,33;
16,-23;
10,-50;
-20,3;
-13,-22;
16,-35;
2,4;
-22,-20;
10,-4;
37,-5;
-32,-9;
-6,13;
3,2;
-29,45;
13,5;
18,-14;
19,46;
-17,4;
-9,-11;
30,30;
25,-18;
12,-26;
-19,28;
-4,15;
4,9;
8,21;
41,19;
19,6;
6,-4;
-17,9;
0,19;
41,-17;
8,-13;
32,24;
-2,10;
-18,25;
20,-5;
5,-15;
24,35;
38,19;
42,-7;
-3,29;
1,40;
43,-39;
-8,-21;
-10,35;
17,-14;
-32,-8;
-12,43;
-3,38;
-17,-7;
41,-23;
6,-8;
-24,1;
17,23;
-4,-5;
-3,2;
3,1;
-14,-26;
34,27;
37,-13;
-15,-45;
-11,6;
15,-9;
8,0;
12,-9;
0,-27;
-21,-12;
16,-15;
9,26;
19,26;
29,-5;
5,4;
44,-2;
23,12;
-3,23;
17,10;
6,25;
11,29;
12,2;
-30,-9;
-3,18;
-1,27;
-40,17;
-23,-10;
-11,-4;
1,11;
-22,-14;
26,35;
13,7;
-23,-12;
2,33;
-9,-19;
6,-7;
7,-1;
19,-24;
2,-26;
-11,4;
23,23;
-10,-44;
-45,-19;
-1,43;
-8,52;
1,24;
40,3;
21,-5;
14,-8;
-4,17;
-24,27;
-1,15;
5,-3;
-32,12;
-32,7;
28,12;
39,-5;
-33,-6;
-5,20;
-17,-10;
-42,12;
35,-8;
4,-16;
-16,16;
4,-9;
-10,5;
-10,35;
19,24;
10,20;
9,8;
42,-32;
8,-15;
2,10;
3,-8;
14,-11;
29,7;
12,15;
27,17;
-7,9;
-15,-16;
23,-11;
-7,0;
-23,29;
21,8;
27,-51;
-5,25;
15,25;
34,-8;
19,21;
-4,-19;
-15,1;
-8,12;
-1,-4;
17,10;
25,5;
-9,8;
11,16;
55,14;
-14,-2;
-17,19;
40,46;
11,-6;
-26,-14;
-9,31;
11,11;
13,2;
0,10;
-34,13;
10,10;
4,-1;
-9,14;
19,-5;
-12,7;
44,6;
-6,-20;
-75,45;
14,28;
5,9;
-4,40;
22,6;
24,-12;
31,-25;
-17,-11;
-16,6;
5,11;
-2,-9;
-13,17;
1,36;
6,-18;
-30,52;
-9,36;
4,-13;
1,25;
-1,2;
-17,-20;
-15,-2;
-8,37;
5,11;
15,12;
-1,28;
2,3;
18,17;
-1,10;
-23,1;
17,12;
40,1;
7,-13;
9,0;
-4,5;
3,-29;
-8,-24;
-28,19;
15,24;
14,6;
26,15;
19,0;
12,2;
25,48;
-7,26;
15,-2;
10,11;
5,16;
13,6;
24,24;
14,66;
-4,49;
12,-15;
-29,-27;
-30,-4;
15,-13;
40,11;
18,-1;
-42,-2;
-19,39;
32,-26;
-18,-14;
-44,11;
-19,-3;
4,28;
5,-31;
-35,-5;
-12,43;
-19,-7;
-20,17;
29,8;
31,0;
4,27;
-28,9;
10,-13;
24,-5;
-13,-2;
-37,3;
1,55;
44,6;
-14,-5;
24,28;
39,-43;
-30,18;
8,49;
8,-3;
-23,21;
1,-13;
11,-16;
-4,8;
1,20;
21,19;
-6,-5;
-20,40;
-2,21;
-16,-9;
16,-6;
-14,-29;
-39,15;
17,-10;
-20,-5;
-19,40;
2,11;
4,13;
7,1;
-4,1;
18,-12;
25,-13;
0,8;
14,-21;
13,-10;
-6,25;
20,11;
-33,29;
-11,34;
21,-17;
-11,-9;
10,-1;
-25,-10;
-25,-6;
-11,1;
2,40;
15,15;
9,6;
37,50;
25,36;
0,17;
-29,-8;
4,8;
29,21;
-11,20;
8,12;
17,-21;
-11,-7;
-24,-7;
9,-2;
3,8;
15,12;
33,15;
-13,-10;
6,9;
27,2;
10,-7;
-2,20;
-13,11;
-8,2;
-6,7;
20,5;
43,-25;
9,-28;
-4,3;
4,26;
10,7;
8,20;
1,38;
15,21;
9,32;
-1,5;
8,28;
-3,13;
15,-34;
33,9;
1,26;
-11,14;
-2,-13;
3,0;
-16,11;
17,-16;
13,-13;
-28,31;
30,17;
10,0;
-38,6;
-21,-15;
11,21;
6,0;
-20,-8;
11,4;
1,19;
4,35;
53,-19;
14,23;
-17,18;
25,-26;
9,28;
7,2;
17,3;
-21,35;
-6,-2;
18,-2;
-23,-4;
-23,10;
40,-1;
18,7;
-12,16;
5,-3;
-6,4;
-19,28;
11,37;
25,-44;
8,12;
19,27;
23,-28;
29,26;
8,-2;
-40,10;
-1,20;
14,-10;
7,42;
39,-7;
-37,-16;
-18,36;
22,5;
8,23;
21,12;
-9,9;
3,14;
0,24;
29,31;
17,-10;
-10,22;
26,-15;
0,-17;
-4,66;
46,7;
44,2;
16,33;
-1,24;
-13,4;
15,-26;
8,30;
-6,25;
9,-9;
3,7;
4,18;
12,2;
35,2;
15,14;
3,29;
33,11;
1,-32;
25,13;
5,10;
-24,-21;
35,11;
-9,25;
-9,13;
18,35;
11,38;
54,-9;
19,-24;
-39,-1;
7,0;
16,-22;
1,5;
2,21;
19,2;
50,8;
-3,17;
6,-1;
11,-3;
23,22;
19,-6;
-50,-33;
1,8;
9,11;
-6,-15;
12,0;
-2,7;
0,20;
6,9;
-18,-10;
-10,40;
34,7;
7,-65;
4,21;
19,46;
-9,-5;
-14,1;
19,18;
12,21;
-10,-10;
18,4;
2,30;
1,31;
-11,16;
-11,13;
8,30;
-4,0;
9,-37;
-44,24;
-9,65;
46,20;
-26,-25;
-21,-16;
8,12;
-15,-12;
-19,8;
-18,27;
-15,2;
-4,11;
2,17;
-25,-8;
-32,-10;
20,40;
24,8;
-32,-24;
-13,23;
0,-20;
-28,-16;
2,21;
-22,-8;
-17,24;
33,45;
8,5;
1,3;
39,-11;
27,-16;
-13,26;
-4,13;
-3,-4;
-6,32;
4,15;
-10,-1;
0,-1;
-10,2;
-10,51;
23,18;
-6,8;
19,19;
19,2;
-12,20;
1,-5;
20,11;
18,16;
-28,2;
24,24;
16,-18;
-28,-11;
-14,14;
-12,-8;
8,1;
-18,27;
-15,27;
-26,-18;
-20,-14;
-19,15;
4,23;
56,9;
-37,3;
-19,42;
46,26;
3,-5;
-16,11;
1,16;
14,-6;
13,17;
44,24;
29,-3;
-6,16;
14,13;
56,-8;
13,-2;
-20,1;
19,-11;
-19,7;
-22,25;
43,21;
27,1;
-14,1;
-4,17;
-24,-5;
-7,17;
15,36;
13,9;
-15,-9;
-23,19;
38,30;
-5,-17;
0,21;
29,9;
-7,-17;
-2,1;
-16,-23;
-2,-12;
-12,9;
-12,26;
53,4;
6,-6;
-15,7;
18,24;
6,8;
29,-8;
2,17;
9,-3;
17,-15;
2,-1;
21,1;
-16,18;
28,15;
15,-9;
-39,29;
38,29;
27,-18;
-6,12;
21,5;
-21,-6;
-4,48;
16,19;
-7,-18;
31,14;
-5,12;
-16,9;
30,25;
7,5;
-11,-6;
2,17;
4,-22;
0,10;
23,23;
6,-35;
20,6;
32,-4;
-25,20;
-14,27;
-18,-2;
-22,3;
24,-12;
22,-8;
-2,0;
4,4;
34,-23;
15,-1;
18,6;
32,-12;
-8,12;
-8,21;
-7,-10;
-2,12;
-4,43;
-13,15;
-7,14;
-9,-10;
-25,-3;
-6,-8;
13,-32;
-16,36;
21,22;
7,-14;
-21,-12;
-9,-9;
-8,48;
15,20;
8,19;
-4,41;
-30,19;
-14,11;
20,15;
29,1;
33,-33;
2,9;
6,14;
8,-12;
-30,-35;
3,0;
1,29;
-1,-19;
26,4;
3,-22;
3,-33;
-14,11;
-12,-20;
20,3;
17,4;
4,-20;
9,26;
17,-1;
-1,-6;
-12,2;
21,-7;
17,10;
-5,-3;
-17,-6;
-12,0;
6,-5;
1,4;
-1,8;
-53,9;
-13,35;
23,6;
-29,-5;
11,2;
-10,3;
-46,25;
-3,-2;
-27,-20;
-27,7;
26,9;
29,-22;
-5,-11;
-2,18;
20,21;
4,1;
17,-11;
11,31;
-5,21;
-12,-16;
3,-3;
15,3;
-23,23;
4,6;
15,11;
-5,27;
12,7;
-11,8;
4,-5;
-12,6;
-16,7;
56,16;
1,32;
4,-21;
9,-5;
-27,23;
-22,-23;
-15,16;
24,26;
4,2;
-1,29;
20,49;
4,24;
-18,-7;
-5,22;
19,-6;
33,-10;
18,25;
3,-5;
3,28;
22,18;
12,-30;
-43,24;
-17,23;
-2,-16;
-14,-26;
10,-13;
52,3;
-5,-35;
-29,-6;
20,-1;
-31,-45;
-13,-6;
-15,28;
0,29;
-11,11;
-39,27;
20,-13;
-31,-21;
-6,40;
11,-8;
-5,-2;
18,36;
-27,-13;
-21,-36;
8,4;
9,12;
2,16;
-8,-12;
-23,-17;
-1,15;
-13,-14;
-33,33;
4,-3;
2,-47;
-13,17;
2,-15;
45,-23;
5,-12;
-27,-14;
-1,-6;
-26,15;
27,36;
36,-3;
-41,-17;
-4,14;
5,-20;
-28,-14;
2,47;
-10,11;
-12,9;
-11,-4;
-24,12;
21,52;
16,9;
15,11;
43,-7;
14,23;
-4,48;
10,-6;
5,12;
-1,36;
11,5;
6,13;
-1,4;
-1,-38;
-6,21;
-9,45;
4,-18;
-15,-9;
-3,34;
31,10;
-8,-5;
-4,-1;
-9,16;
-40,22;
-9,2;
15,-1;
-21,-21;
7,21;
21,3;
-41,-10;
2,31;
6,-6;
-30,4;
0,14;
-10,12;
-20,15;
13,-8;
1,-6;
-24,25;
-6,16;
-6,-10;
12,17;
-8,8;
-34,8;
7,48;
35,9;
22,-4;
-12,-9;
-16,11;
4,42;
0,-15;
15,-3;
29,-9;
-8,-7;
-2,-7;
10,16;
-4,31;
-26,-21;
-33,58;
-7,18;
-17,4;
-7,39;
11,-30;
5,3;
11,-1;
-3,0;
20,19;
27,-9;
7,3;
3,12;
-34,31;
12,30;
13,8;
-25,45;
3,6;
-1,0;
13,11;
-2,-42;
-3,38;
7,13;
-8,-41;
5,4;
9,18;
18,38;
-5,5;
2,16;
10,29;
-21,-3;
-15,29;
1,-3;
1,-43;
-18,28;
1,19;
4,8;
-9,20;
-11,-21;
-11,6;
26,25;
29,5;
1,-22;
-4,8;
33,28;
-10,-22;
-26,18;
26,18;
-15,-3;
23,38;
8,-9;
-32,-14;
30,26;
-7,24;
-24,41;
45,-6;
9,-40;
-40,2;
5,5;
-17,-5;
-17,12;
37,29;
22,3;
-3,-2;
5,13;
17,-8;
-8,10;
-7,17;
5,-12;
-2,1;
12,0;
-16,11;
-2,20;
29,15;
1,7;
27,-3;
13,24;
-10,-6;
22,8;
-4,34;
1,3;
8,2;
-1,-8;
40,-13;
-3,-15;
-29,14;
2,26;
-4,18;
9,0;
-17,-9;
2,-3;
15,-3;
6,6;
11,-13;
-20,13;
-3,7;
-23,16;
-7,22;
12,-19;
-11,-17;
-11,-11;
-7,26;
22,23;
12,6;
8,7;
15,-15;
-20,-4;
-5,17;
28,34;
-11,3;
-24,-31;
11,30;
18,6;
-3,-30;
-16,34;
17,33;
23,12;
7,-4;
-1,25;
5,28;
15,-12;
-5,14;
-6,-12;
-5,19;
-18,36;
-3,1;
15,41;
13,22;
17,15;
1,15;
9,-20;
-6,-4;
-15,11;
16,-2;
-17,-12;
-33,-6;
-6,11;
-10,-14;
-17,-1;
6,19;
6,-22;
-1,4;
29,13;
32,-32;
-20,-10;
-11,16;
13,10;
2,-20;
2,0;
5,25;
12,9;
-3,43;
14,31;
19,25;
-3,9;
13,-3;
-14,45;
5,-12;
35,6;
-22,16;
-34,-18;
-18,35;
26,-12;
7,-19;
-26,4;
12,-14;
-18,23;
-13,23;
27,8;
-4,-16;
-18,-12;
-11,39;
23,15;
30,1;
-15,6;
27,-7;
24,-7;
-8,-12;
-13,13;
-50,22;
-10,26;
-18,3;
-31,-15;
29,21;
-17,17;
-25,-1;
16,1;
10,22;
20,-11;
-10,-14;
19,30;
1,7;
-25,8;
21,-14;
-23,-4;
5,-5;
4,-44;
2,8;
24,3;
-12,26;
13,23;
-16,-44;
-18,18;
11,29;
-6,-3;
-7,6;
-8,29;
1,2;
-12,-11;
-1,44;
20,-10;
11,-10;
2,11;
-23,14;
-10,47;
11,-3;
-6,-9;
7,7;
25,17;
31,40;
-2,1;
-32,-1;
31,19;
4,-35;
-23,2;
20,15;
-35,-20;
-10,30;
2,5;
-25,3;
2,27;
6,-12;
4,-12;
-10,8;
20,20;
2,18;
-26,5;
4,22;
10,-37;
-16,-40;
-16,37;
-13,-27;
-50,-21;
4,24;
8,0;
-33,1;
3,-13;
19,-7;
7,1;
-19,-18;
-2,10;
11,-1;
-16,-34;
-24,17;
0,-2;
25,-22;
-15,8;
-14,14;
37,34;
-7,2;
11,-3;
36,23;
-12,-13;
-3,-21;
-10,4;
1,-4;
-7,1;
-24,27;
-11,6;
-11,-7;
5,32;
6,24;
16,-2;
-21,10;
4,0;
54,2;
-9,15;
-9,27;
32,13;
29,-16;
12,-4;
3,3;
-14,17;
-3,10;
12,-19;
-20,7;
22,22;
15,-21;
-36,-6;
6,5;
8,-22;
2,-12;
-12,1;
14,38;
32,2;
-19,-12;
31,24;
23,-16;
-23,-25;
-14,5;
-16,4;
-26,-17;
3,28;
38,12;
-25,-3;
-3,12;
28,-26;
-12,8;
7,31;
29,10;
6,-8;
-7,13;
3,17;
8,0;
15,-14;
-4,-20;
5,-1;
-1,24;
39,8;
19,-50;
-33,-3;
14,3;
-22,-22;
11,33;
12,9;
3,8;
63,6;
9,-33;
-1,10;
-5,19;
-10,-12;
17,-8;
-9,17;
-12,-5;
-13,-7;
-21,40;
29,-2;
7,-8;
-29,34;
33,5;
15,-15;
-9,-4;
23,3;
-35,5;
-39,16;
12,5;
-3,-12;
2,8;
-6,-1;
-21,10;
-26,31;
-4,1;
16,-2;
-6,-9;
2,8;
7,7;
4,-10;
-10,17;
-14,9;
20,20;
-1,14;
-25,4;
39,17;
-4,-14;
-32,-12;
26,3;
10,8;
30,12;
22,-28;
-10,-5;
4,11;
24,-2;
6,4;
-18,3;
25,12;
33,-15;
-27,8;
-18,25;
30,-9;
17,2;
8,6;
-5,-38;
0,3;
41,46;
34,-13;
-11,-9;
-45,8;
-4,-18;
1,16;
17,27;
16,-19;
-17,21;
37,-11;
7,-18;
-8,30;
8,41;
8,60;
12,-3;
-21,10;
-23,27;
-17,11;
-16,12;
-24,2;
5,22;
-2,25;
-43,5;
19,24;
43,32;
18,45;
31,31;
-14,-12;
-20,27;
7,-1;
-5,-6;
-13,18;
-5,7;
3,27;
-24,16;
-20,27;
21,24;
13,-8;
3,-1;
37,-15;
-11,-21;
-26,24;
43,15;
-4,3;
-33,33;
17,-9;
2,-11;
-11,24;
-8,3;
10,21;
13,34;
-12,12;
2,-4;
-13,-5;
-24,-4;
27,14;
26,23;
-3,13;
4,5;
-18,11;
19,35;
25,22;
-22,9;
-4,16;
14,-14;
-11,-21;
-11,27;
23,28;
12,-3;
2,0;
-14,-13;
-17,14;
-31,17;
-23,-29;
7,-9;
-3,24;
23,-3;
19,-45;
32,18;
5,29;
-12,8;
32,33;
-19,5;
-1,19;
33,16;
-9,23;
-11,28;
25,-31;
14,12;
-5,25;
22,1;
-20,23;
-42,22;
-1,12;
13,-18;
-1,-10;
-2,21;
11,14;
-2,12;
5,11;
0,3;
-20,-3;
-17,11;
12,47;
-1,10;
-11,12;
25,10;
14,-6;
18,18;
0,-18;
-18,1;
-20,-5;
-46,12;
2,43;
3,-6;
-30,30;
-1,35;
-7,-17;
-2,-5;
4,10;
-14,13;
0,13;
36,16;
7,13;
-18,-24;
27,10;
-20,-8;
-41,-17;
9,24;
-17,-31;
16,13;
8,34;
12,26;
24,13;
-33,16;
21,33;
-8,-38;
-29,20;
13,27;
-3,-24;
-6,25;
5,21;
17,10;
0,17;
8,7;
-4,19;
-14,15;
20,-1;
15,-9;
6,-20;
-14,5;
-27,24;
-4,15;
9,17;
-7,21;
-7,-13;
10,-24;
9,10;
-23,14;
-16,-12;
25,0;
21,24;
-25,1;
5,20;
40,-12;
-19,10;
7,33;
1,-13;
-14,10;
19,-32;
6,7;
21,27;
40,-31;
27,12;
-7,-16;
-3,-26;
40,24;
8,2;
-5,23;
37,22;
-7,-3;
5,-10;
2,-13;
-27,22;
17,2;
1,-3;
-16,31;
10,9;
30,-30;
-29,-27;
-31,27;
0,43;
4,11;
19,-5;
-25,-35;
-5,-2;
10,17;
36,1;
67,-6;
-16,-29;
-18,22;
45,-6;
14,4;
5,83;
24,0;
-18,-25;
-9,14;
18,15;
-11,32;
-5,9;
-4,1;
-7,34;
3,19;
3,-5;
9,32;
9,41;
3,5;
-21,17;
-4,47;
12,1;
0,-29;
-20,39;
-15,38;
40,-11;
-17,22;
-31,17;
37,15;
8,53;
0,26;
4,-15;
-11,6;
1,43;
12,-3;
-3,-6;
0,16;
4,-27;
-14,4;
-14,-6;
-15,-21;
-5,1;
12,-16;
20,16;
-4,13;
-23,13;
13,2;
22,-21;
-11,9;
-9,-8;
8,7;
14,30;
-9,13;
0,9;
20,3;
-32,-8;
-37,-17;
-24,35;
17,39;
34,-11;
-17,22;
34,7;
34,-4;
-11,26;
-14,12;
-11,-5;
-5,-2;
21,14;
-2,-7;
-26,0;
44,-12;
5,-16;
-3,17;
27,-17;
18,-24;
7,-4;
-34,-42;
-6,4;
10,2;
2,-18;
17,51;
-18,-7;
-11,32;
25,21;
-3,-1;
8,35;
-14,-37;
-29,24;
20,26;
-5,-13;
-18,-8;
5,-7;
-7,41;
-8,24;
2,-13;
-18,-11;
20,10;
33,10;
-15,5;
4,-2;
-25,0;
11,-1;
15,17;
-42,47;
14,19;
-9,18;
-8,-14;
6,-6;
-7,22;
19,16;
-11,11;
-23,-16;
16,1;
12,-17;
-2,-3;
15,26;
-7,23;
-8,27;
7,4;
26,27;
18,21;
4,-2;
1,-4;
-38,22;
-13,14;
11,-30;
15,15;
-10,13;
5,3;
0,5;
-39,17;
14,2;
-7,-30;
-18,19;
13,9;
4,22;
-33,13;
-15,6;
11,64;
-23,33;
27,28;
23,24;
-25,9;
17,2;
22,-29;
-17,-29;
-3,8;
38,31;
4,-6;
-12,-7;
6,23;
2,20;
2,11;
25,-9;
16,-40;
-33,-9;
-8,-5;
14,-21;
1,6;
11,-3;
-5,3;
12,-3;
-1,-23;
-47,19;
-5,37;
20,8;
-5,-1;
-36,7;
20,-3;
10,-12;
-14,15;
27,-11;
-4,-33;
-21,6;
-6,20;
16,2;
-7,24;
20,20;
10,-16;
-14,15;
20,8;
-4,-14;
12,-8;
-4,6;
5,19;
20,16;
-5,41;
28,2;
-7,-28;
-4,53;
50,0;
13,-73;
-9,18;
26,-6;
-4,-28;
-8,32;
25,-13;
-36,-9;
2,34;
25,6;
-18,6;
6,17;
-8,5;
13,8;
-6,14;
0,24;
42,-12;
-26,-14;
-17,17;
2,6;
-18,32;
12,28;
19,-6;
10,9;
22,31;
11,11;
-23,-21;
-24,-8;
10,17;
26,19;
17,-1;
-4,-6;
-13,21;
9,2;
-23,-10;
-30,25;
27,19;
32,6;
-8,-23;
-6,-6;
25,6;
25,-17;
27,-4;
-18,-5;
-23,41;
-31,7;
-28,-6;
12,47;
-23,5;
24,19;
16,18;
-13,-6;
47,17;
-9,4;
-14,17;
41,5;
11,-13;
2,6;
22,7;
24,9;
-7,-2;
-5,3;
11,26;
-13,29;
4,-3;
10,-5;
-1,2;
3,3;
-16,29;
15,22;
8,-8;
-13,-2;
17,27;
-24,16;
-18,15;
28,38;
8,1;
-3,-15;
-10,14;
-24,4;
-7,17;
17,17;
7,-29;
-6,11;
3,28;
3,22;
17,30;
6,-1;
6,2;
10,-21;
-7,-6;
-12,11;
2,15;
7,17;
-5,24;
-3,50;
12,9;
24,14;
-16,-7;
-15,-7;
14,27;
21,13;
8,17;
3,-14;
12,4;
-23,0;
0,-2;
8,35;
-1,24;
30,11;
-14,-21;
-10,15;
6,30;
3,-23;
12,-4;
0,20;
-11,16;
-17,46;
4,7;
6,-44;
-10,12;
-11,28;
4,10;
-31,-3;
3,-20;
41,1;
17,23;
26,11;
-12,-10;
-18,7;
22,7;
12,15;
17,46;
36,-18;
-39,-48;
-19,2;
15,-27;
-21,10;
41,13;
20,-19;
-15,37;
-1,19;
-15,2;
9,-7;
-6,-21;
-21,-15;
25,1;
29,9;
-6,-2;
-19,-4;
9,11;
11,0;
1,-8;
26,8;
-10,-13;
-19,-10;
26,7;
9,29;
-12,24;
-3,-16;
-9,-12;
-7,-29;
-7,-1;
6,16;
10,-25;
-13,18;
33,18;
41,2;
-31,-16;
-16,-19;
9,30;
-1,-4;
3,-13;
-3,18;
11,26;
2,6;
-2,2;
9,20;
-6,-9;
16,-6;
18,-1;
-6,-21;
24,2;
26,2;
5,-1;
0,26;
2,-12;
23,-15;
-7,8;
-30,5;
16,48;
15,13;
-22,3;
-17,29;
-7,-20;
-11,17;
23,47;
8,23;
-11,32;
43,13;
-10,-8;
-1,19;
24,39;
-31,26;
21,28;
43,11;
10,-44;
10,-34;
-4,-8;
-17,29;
4,43;
-10,-1;
4,25;
17,18;
-12,-1;
-12,3;
-17,-19;
-10,11;
13,22;
-2,18;
1,24;
20,16;
-13,15;
-5,12;
-18,-7;
-13,-15;
27,-13;
-14,18;
-18,47;
0,0;
-12,12;
-12,43;
10,-19;
15,1;
1,27;
-3,-8;
3,13;
6,-2;
-23,-15;
-41,10;
-10,15;
-6,-6;
-9,-14;
3,2;
0,-8;
11,8;
18,24;
23,-4;
12,-6;
12,3;
-8,-11;
-19,9;
36,40;
44,12;
6,-5;
-3,-2;
-5,2;
5,30;
16,12;
19,-15;
-15,3;
-26,10;
18,-6;
-17,-6;
15,23;
52,30;
-14,13;
-4,29;
27,4;
12,-9;
-27,0;
8,-8;
36,2;
-27,-32;
-11,1;
9,15;
-14,-9;
1,22;
-10,15;
-13,9;
7,42;
-8,39;
20,29;
0,24;
-13,-1;
37,1;
-13,-5;
-1,18;
46,28;
-13,2;
-19,15;
-1,21;
-25,-2;
-3,3;
28,9;
3,-1;
-17,44;
14,50;
-19,-11;
-30,-11;
44,8;
-15,-7;
-33,11;
11,32;
-33,16;
-1,-2;
9,9;
-9,16;
3,5;
4,-5;
19,-32;
-17,-22;
-9,11;
1,-12;
-38,8;
-3,13;
10,-9;
-1,34;
14,11;
18,-23;
-20,-4;
-34,24;
19,19;
9,-21;
-34,11;
-11,24;
24,-6;
-2,29;
-11,21;
1,0;
-14,25;
5,9;
8,28;
-16,16;
16,-24;
-1,-31;
-29,-29;
17,20;
8,-11;
-10,5;
6,16;
2,-36;
13,13;
12,4;
11,6;
14,19;
-7,29;
6,10;
-6,-26;
-7,41;
17,9;
-3,-6;
-7,30;
-3,-22;
4,15;
17,6;
-14,-51;
-12,-5;
3,27;
-1,40;
12,-5;
7,11;
33,58;
28,1;
-2,7;
-12,-8;
-32,0;
-19,33;
-3,-5;
4,16;
-26,11;
-5,11;
37,-8;
-15,-43;
-11,21;
22,-1;
16,-39;
-2,17;
6,24;
31,-5;
-2,-12;
-19,11;
-3,17;
14,14;
-1,25;
-38,4;
0,0;