-16622,24559;
-19017,22744;
-21264,20749;
-23239,18500;
-24955,16088;
-26424,13526;
-27672,10789;
-28590,7984;
-29251,5042;
-29614,2054;
-29610,-905;
-29394,-3869;
-28880,-6809;
-28038,-9694;
-26928,-12475;
-25543,-15106;
-23907,-17567;
-22025,-19863;
-19951,-21993;
-17665,-23878;
-15156,-25538;
-12500,-26951;
-9762,-28006;
-6868,-28841;
-3897,-29419;
-938,-29649;
2065,-29596;
4963,-29238;
7881,-28598;
10755,-27655;
13426,-26454;
16058,-24962;
18501,-23194;
20706,-21303;
22759,-19120;
24556,-16721;
26094,-14193;
27378,-11489;
28351,-8701;
29080,-5794;
29579,-2840;
29671,152;
29461,3119;
29048,6024;
28281,8935;
27285,11778;
25978,14442;
24331,16955;
22541,19318;
20492,21451;
18237,23434;
15792,25144;
13163,26560;
10465,27758;
7643,28672;
4720,29306;
1744,29616;
-1241,29632;
-4192,29375;
-7107,28815;
-9969,27946;
-12738,26808;
-15378,25389;
-17859,23694;
-20148,21803;
-22224,19681;
-24068,17362;
-25712,14854;
-27075,12204;
-28138,9484;
-28953,6594;
-29445,3606;
-29655,652;
-29559,-2343;
-29186,-5315;
-28517,-8224;
-27517,-11086;
-26316,-13786;
-24783,-16340;
-23021,-18692;
-21070,-20908;
-18812,-22947;
-16461,-24671;
-13893,-26225;
-11175,-27479;
-8386,-28444;
-5447,-29187;
-2527,-29561;
466,-29644;
3444,-29483;
6346,-29000;
9268,-28157;
12069,-27106;
14698,-25804;
17225,-24148;
19560,-22300;
21707,-20278;
23637,-17997;
25305,-15479;
26786,-12863;
27920,-10150;
28748,-7261;
29370,-4324;
29656,-1383;
29604,1620;
29307,4563;
28720,7504;
27817,10354;
26682,13049;
25225,15691;
23508,18124;
21599,20375;
19419,22440;
17076,24285;
14572,25888;
11924,27215;
9122,28247;
6233,29017;
3285,29511;
270,29653;
-2669,29549;
-5628,29174;
-8559,28416;
-11386,27393;
-14055,26154;
-16574,24608;
-18971,22820;
-21160,20800;
-23137,18571;
-24916,16175;
-26411,13563;
-27581,10821;
-28556,8020;
-29251,5096;
-29574,2148;
-29626,-803;
-29408,-3783;
-28896,-6699;
-28078,-9591;
-26952,-12373;
-25572,-15005;
-23938,-17509;
-22091,-19831;
-19981,-21945;
-17683,-23815;
-15234,-25484;
-12551,-26914;
-9821,-27994;
-6969,-28831;
-4001,-29425;
-1037,-29630;
1945,-29587;
4857,-29296;
7823,-28611;
10709,-27666;
13340,-26500;
15959,-25017;
18404,-23287;
20642,-21335;
22717,-19126;
24475,-16764;
26045,-14241;
27356,-11533;
28334,-8738;
29065,-5885;
29547,-2931;
29677,80;
29499,3048;
29073,5963;
28309,8852;
27283,11695;
25993,14364;
24384,16863;
22573,19226;
20532,21381;
18283,23351;
15887,25085;
13273,26529;
10538,27747;
7718,28675;
4815,29292;
1815,29614;
-1188,29611;
-4087,29381;
-7015,28836;
-9892,27944;
-12661,26849;
-15328,25486;
-17788,23777;
-20050,21867;
-22154,19769;
-24029,17428;
-25654,14903;
-26996,12266;
-28088,9533;
-28933,6672;
-29459,3734;
-29660,746;
-29576,-2221;
-29225,-5173;
-28529,-8120;
-27584,-10960;
-26373,-13612;
-24856,-16205;
-23108,-18687;
-21124,-20873;
-18924,-22910;
-16576,-24683;
-14027,-26189;
-11270,-27467;
-8505,-28436;
-5613,-29150;
-2623,-29547;
315,-29657;
3349,-29489;
6293,-29013;
9124,-28201;
11949,-27136;
14615,-25857;
17136,-24233;
19496,-22403;
21669,-20371;
23568,-18073;
25206,-15667;
26678,-13018;
27824,-10238;
28690,-7436;
29328,-4490;
29649,-1522;
29638,1466;
29319,4433;
28760,7334;
27878,10207;
26700,12960;
25273,15556;
23601,18037;
21661,20294;
19503,22328;
17206,24210;
14675,25812;
12017,27156;
9215,28220;
6312,28952;
3410,29470;
418,29691;
-2561,29545;
-5536,29144;
-8459,28460;
-11225,27460;
-13887,26209;
-16455,24679;
-18870,22905;
-21090,20908;
-23088,18675;
-24832,16285;
-26313,13689;
-27541,10986;
-28522,8182;
-29194,5251;
-29583,2308;
-29652,-677;
-29420,-3645;
-28950,-6565;
-28110,-9446;
-26998,-12239;
-25683,-14890;
-24050,-17367;
-22196,-19693;
-20105,-21832;
-17834,-23718;
-15404,-25402;
-12719,-26845;
-9944,-27944;
-7089,-28787;
-4156,-29381;
-1207,-29631;
1790,-29588;
4730,-29297;
7645,-28679;
10517,-27760;
13224,-26574;
15828,-25100;
18252,-23379;
20521,-21447;
22578,-19278;
24360,-16929;
25963,-14419;
27250,-11708;
28265,-8920;
29055,-6057;
29526,-3108;
29674,-79;
29527,2929;
29083,5852;
28376,8754;
27337,11543;
26030,14242;
24527,16787;
22684,19116;
20666,21292;
18447,23269;
15969,24977;
13387,26474;
10703,27702;
7886,28609;
4971,29281;
2002,29615;
-1035,29643;
-4020,29411;
-6925,28840;
-9786,28003;
-12526,26885;
-15200,25482;
-17708,23844;
-19955,21955;
-22048,19821;
-23918,17524;
-25546,15050;
-26950,12368;
-28034,9611;
-28840,6733;
-29423,3829;
-29657,890;
-29575,-2161;
-29237,-5117;
-28569,-8019;
-27623,-10827;
-26398,-13543;
-24897,-16150;
-23153,-18564;
-21173,-20825;
-19005,-22816;
-16609,-24602;
-14024,-26153;
-11357,-27391;
-8581,-28412;
-5650,-29151;
-2698,-29576;
237,-29680;
3229,-29472;
6183,-29018;
9061,-28260;
11838,-27211;
14529,-25898;
17088,-24267;
19438,-22439;
21582,-20381;
23503,-18091;
25207,-15669;
26649,-13062;
27826,-10351;
28712,-7497;
29323,-4546;
29623,-1614;
29606,1411;
29362,4396;
28761,7291;
27870,10159;
26748,12908;
25288,15524;
23620,17958;
21699,20234;
19523,22319;
17244,24165;
14743,25777;
12061,27087;
9295,28172;
6422,28992;
3484,29465;
477,29651;
-2497,29571;
-5440,29174;
-8355,28487;
-11189,27494;
-13885,26203;
-16412,24713;
-18821,22926;
-21040,20915;
-23038,18724;
-24821,16305;
-26354,13741;
-27557,11035;
-28480,8196;
-29169,5285;
-29591,2323;
-29655,-666;
-29401,-3629;
-28922,-6568;
-28111,-9444;
-27031,-12231;
-25664,-14860;
-24038,-17355;
-22213,-19703;
-20104,-21827;
-17800,-23764;
-15364,-25428;
-12754,-26815;
-10001,-27931;
-7114,-28760;
-4177,-29342;
-1262,-29642;
1769,-29601;
4748,-29261;
7602,-28654;
10485,-27733;
13221,-26558;
15801,-25122;
18269,-23393;
20501,-21441;
22536,-19277;
24375,-16938;
25990,-14436;
27289,-11760;
28285,-8951;
29059,-6068;
29495,-3113;
29669,-104;
29534,2859;
29078,5809;
28366,8726;
27333,11527;
26053,14224;
24492,16782;
22689,19143;
20684,21287;
18441,23261;
16025,25013;
13419,26452;
10680,27667;
7888,28610;
4946,29244;
1934,29624;
-1034,29646;
-3994,29381;
-6908,28840;
-9778,27981;
-12573,26863;
-15190,25473;
-17639,23828;
-19968,21918;
-22107,19805;
-23943,17505;
-25539,15030;
-26947,12358;
-28032,9563;
-28840,6728;
-29416,3770;
-29650,864;
-29560,-2101;
-29182,-5117;
-28553,-8006;
-27606,-10886;
-26372,-13597;
-24885,-16159;
-23145,-18561;
-21222,-20797;
-18980,-22859;
-16590,-24620;
-14070,-26181;
-11332,-27440;
-8580,-28413;
-5665,-29120;
-2671,-29548;
274,-29676;
3254,-29462;
6200,-29008;
9096,-28226;
11881,-27182;
14521,-25887;
17058,-24298;
19427,-22451;
21591,-20342;
23525,-18103;
25196,-15680;
26633,-13063;
27820,-10333;
28717,-7471;
29324,-4562;
29646,-1604;
29617,1393;
29325,4320;
28782,7247;
27866,10166;
26702,12909;
25281,15483;
23610,17941;
21707,20247;
19539,22359;
17226,24191;
14697,25773;
12033,27141;
9270,28189;
6379,28969;
3476,29464;
483,29654;
-2532,29554;
-5451,29134;
-8365,28471;
-11190,27486;
-13883,26213;
-16478,24690;
-18834,22943;
-21034,20933;
-23083,18670;
-24798,16305;
-26285,13710;
-27565,10999;
-28520,8212;
-29205,5293;
-29594,2332;
-29659,-673;
-29431,-3674;
-28930,-6616;
-28132,-9470;
-27027,-12241;
-25672,-14889;
-24037,-17396;
-22173,-19714;
-20095,-21831;
-17807,-23751;
-15362,-25409;
-12698,-26804;
-9924,-27945;
-7105,-28801;
-4166,-29377;
-1203,-29650;
1753,-29598;
4715,-29277;
7657,-28672;
10511,-27745;
13240,-26546;
15829,-25108;
18303,-23374;
20566,-21420;
22549,-19288;
24389,-16917;
25966,-14384;
27271,-11701;
28309,-8946;
29036,-6049;
29486,-3038;
29629,-88;
29507,2889;
29069,5833;
28344,8726;
27340,11554;
26064,14248;
24492,16780;
22663,19168;
20670,21367;
18413,23266;
15969,24981;
13380,26480;
10680,27695;
7855,28628;
4904,29244;
1941,29610;
-1068,29636;
-4047,29369;
-6945,28846;
-9826,27988;
-12579,26881;
-15162,25492;
-17643,23829;
-19966,21931;
-22077,19809;
-23939,17521;
-25575,15043;
-26964,12364;
-28050,9618;
-28869,6756;
-29403,3782;
-29668,862;
-29570,-2125;
-29203,-5137;
-28574,-8050;
-27582,-10899;
-26397,-13598;
-24888,-16174;
-23130,-18591;
-21168,-20791;
-18967,-22833;
-16635,-24619;
-14056,-26189;
-11359,-27463;
-8599,-28415;
-5677,-29151;
-2697,-29559;
256,-29661;
3244,-29476;
6191,-29007;
9100,-28219;
11908,-27178;
14523,-25894;
17039,-24267;
19383,-22447;
21563,-20383;
23495,-18099;
25158,-15675;
26626,-13037;
27820,-10304;
28698,-7511;
29305,-4569;
29642,-1565;
29608,1400;
29301,4400;
28747,7297;
27877,10130;
26718,12908;
25299,15483;
23621,17952;
21673,20236;
19547,22318;
17250,24173;
14720,25792;
12017,27145;
9248,28181;
6377,28960;
3436,29443;
475,29678;
-2538,29559;
-5473,29136;
-8396,28472;
-11232,27455;
-13895,26228;
-16498,24659;
-18880,22865;
-21053,20918;
-23061,18666;
-24783,16268;
-26276,13680;
-27553,10999;
-28507,8198;
-29155,5215;
-29556,2269;
-29634,-652;
-29411,-3633;
-28927,-6609;
-28091,-9482;
-27007,-12244;
-25676,-14880;
-24028,-17395;
-22172,-19720;
-20064,-21834;
-17790,-23766;
-15350,-25411;
-12674,-26807;
-9959,-27963;
-7119,-28812;
-4146,-29396;
-1191,-29646;
1799,-29590;
4745,-29290;
7658,-28657;
10548,-27720;
13240,-26539;
15826,-25058;
18262,-23364;
20479,-21429;
22571,-19230;
24403,-16891;
25971,-14356;
27253,-11701;
28240,-8899;
29028,-5983;
29494,-3053;
29629,-85;
29524,2875;
29088,5857;
28329,8744;
27327,11512;
26046,14241;
24469,16799;
22667,19192;
20652,21367;
18414,23297;
16000,25048;
13373,26485;
10627,27688;
7814,28615;
4926,29211;
1962,29580;
-1060,29611;
-4020,29348;
-6940,28810;
-9822,27966;
-12572,26863;
-15190,25464;
-17662,23804;
-19954,21916;
-22082,19804;
-23966,17517;
-25610,15009;
-26989,12355;
-28083,9587;
-28874,6696;
-29370,3783;
-29661,821;
-29576,-2168;
-29182,-5107;
-28564,-8026;
-27613,-10896;
-26396,-13582;
-24880,-16122;
-23136,-18575;
-21161,-20820;
-18956,-22808;
-16623,-24602;
-14058,-26144;
-11363,-27408;
-8568,-28425;
-5614,-29111;
-2686,-29535;
244,-29681;
3276,-29493;
6248,-29018;
9120,-28225;
11919,-27164;
14587,-25860;
17109,-24265;
19439,-22427;
21580,-20357;
23511,-18109;
25200,-15670;
26671,-13011;
27838,-10309;
28704,-7475;
29311,-4522;
29598,-1590;
29617,1420;
29344,4426;
28744,7312;
27875,10141;
26713,12931;
25290,15554;
23617,17954;
21675,20253;
19529,22343;
17180,24164;
14649,25792;
11998,27133;
9220,28181;
6325,28945;
3407,29478;
427,29654;
-2586,29496;
-5488,29143;
-8376,28424;
-11212,27475;
-13886,26222;
-16478,24635;
-18895,22882;
-21076,20855;
-23046,18643;
-24819,16241;
-26361,13684;
-27547,10989;
-28474,8153;
-29205,5267;
-29590,2286;
-29624,-689;
-29412,-3644;
-28932,-6607;
-28133,-9484;
-27012,-12271;
-25649,-14907;
-24049,-17418;
-22164,-19749;
-20056,-21828;
-17790,-23745;
-15328,-25419;
-12673,-26830;
-9967,-27965;
-7118,-28795;
-4191,-29358;
-1211,-29625;
1837,-29595;
4765,-29278;
7653,-28667;
10519,-27745;
13300,-26558;
15889,-25085;
18285,-23367;
20576,-21423;
22628,-19206;
24399,-16879;
25979,-14334;
27272,-11623;
28278,-8884;
29046,-5952;
29512,-2990;
29655,-47;
29468,2983;
29052,5909;
28331,8755;
27309,11609;
26041,14301;
24438,16816;
22638,19176;
20622,21346;
18343,23321;
15924,25027;
13325,26489;
10594,27699;
7767,28597;
4859,29260;
1946,29619;
-1075,29616;
-4078,29359;
-6979,28803;
-9868,27967;
-12595,26841;
-15242,25418;
-17790,23761;
-20042,21856;
-22131,19767;
-24020,17444;
-25627,14941;
-27012,12319;
-28087,9529;
-28856,6654;
-29422,3714;
-29662,754;
-29547,-2221;
-29178,-5191;
-28529,-8108;
-27574,-10957;
-26339,-13661;
-24843,-16257;
-23108,-18641;
-21149,-20819;
-18908,-22880;
-16534,-24636;
-13995,-26174;
-11279,-27466;
-8479,-28412;
-5527,-29149;
-2588,-29566;
421,-29655;
3419,-29492;
6331,-28978;
9207,-28175;
11945,-27130;
14658,-25820;
17180,-24226;
19488,-22354;
21640,-20305;
23535,-18050;
25246,-15592;
26704,-12971;
27834,-10182;
28718,-7349;
29337,-4455;
29638,-1470;
29615,1492;
29298,4505;
28707,7458;
27824,10265;
26678,13029;
25199,15613;
23497,18048;
21626,20369;
19453,22427;
17113,24264;
14593,25861;
11922,27132;
9117,28214;
6231,29008;
3328,29464;
305,29642;
-2680,29520;
-5598,29166;
-8507,28434;
-11342,27413;
-14008,26160;
-16532,24597;
-18940,22819;
-21166,20821;
-23154,18606;
-24860,16196;
-26360,13594;
-27607,10841;
-28542,8077;
-29213,5154;
-29567,2131;
-29628,-780;
-29439,-3763;
-28900,-6725;
-28056,-9595;
-26962,-12373;
-25570,-15023;
-23955,-17530;
-22105,-19790;
-19962,-21912;
-17677,-23856;
-15208,-25503;
-12542,-26888;
-9792,-27981;
-6920,-28805;
-4000,-29378;
-1028,-29667;
1967,-29621;
4888,-29243;
7820,-28631;
10660,-27700;
13362,-26484;
16000,-24997;
18388,-23239;
20617,-21319;
22718,-19111;
24491,-16770;
26037,-14219;
27358,-11505;
28349,-8775;
29046,-5768;
29491,-2824;
29639,73;
29476,3091;
29036,6040;
28281,8956;
27237,11737;
25922,14399;
24345,16933;
22555,19282;
20461,21435;
18229,23409;
15846,25141;
13192,26561;
10472,27769;
7611,28655;
4690,29257;
1773,29620;
-1232,29612;
-4217,29321;
-7125,28794;
-9987,27955;
-12743,26782;
-15381,25345;
-17871,23694;
-20111,21783;
-22213,19670;
-24085,17373;
-25670,14837;
-27077,12174;
-28125,9426;
-28881,6541;
-29431,3586;
-29636,608;
-29532,-2420;
-29150,-5366;
-28480,-8245;
-27500,-11119;
-26272,-13814;
-24758,-16349;
-22979,-18776;
-21029,-20994;
-18787,-23002;
-16413,-24753;
-13856,-26240;
-11080,-27488;
-8246,-28436;
-5351,-29168;
-2441,-29580;
532,-29637;
3496,-29469;
6476,-28962;
9381,-28130;
12098,-27050;
14757,-25714;
17272,-24120;
19605,-22248;
21781,-20166;
23690,-17915;
25355,-15456;
26765,-12789;
27876,-10043;
28738,-7197;
29346,-4238;
29625,-1297;
29582,1708;
29271,4703;
28653,7602;
27743,10421;
26588,13176;
25148,15804;
23407,18222;
21467,20482;
19284,22529;
16916,24363;
14405,25944;
11711,27245;
8941,28269;
6062,29030;
3131,29513;
118,29630;
-2903,29500;
-5777,29110;
-8674,28366;
-11527,27357;
-14177,26042;
-16738,24451;
-19124,22693;
-21292,20668;
-23283,18410;
-24982,16010;
-26454,13426;
-27651,10707;
-28551,7864;
-29250,4932;
-29622,1999;
-29618,-1001;
-29352,-3983;
-28835,-6891;
-28004,-9764;
-26871,-12525;
-25503,-15211;
-23837,-17681;
-21928,-19925;
-19827,-22053;
-17501,-23951;
-15045,-25581;
-12385,-26930;
-9621,-28049;
-6767,-28867;
-3819,-29395;
-891,-29670;
2139,-29555;
5104,-29200;
7981,-28544;
10846,-27588;
13548,-26398;
16121,-24865;
18528,-23151;
20785,-21184;
22811,-19001;
24550,-16651;
26114,-14068;
27372,-11375;
28375,-8579;
29100,-5698;
29506,-2719;
29645,245;
29468,3197;
28994,6170;
28218,9063;
27186,11863;
25849,14518;
24245,17033;
22437,19402;
20381,21567;
18103,23492;
15672,25205;
13082,26651;
10323,27809;
7503,28689;
4583,29276;
1631,29629;
-1367,29622;
-4365,29323;
-7254,28759;
-10129,27835;
-12854,26701;
-15494,25316;
-17980,23610;
-20229,21690;
-22292,19566;
-24129,17205;
-25773,14693;
-27128,12043;
-28193,9253;
-28964,6375;
-29467,3428;
-29663,455;
-29529,-2518;
-29148,-5450;
-28464,-8359;
-27466,-11217;
-26220,-13893;
-24682,-16452;
-22883,-18877;
-20879,-21068;
-18649,-23052;
-16301,-24782;
-13736,-26316;
-10972,-27577;
-8171,-28495;
-5267,-29188;
-2284,-29600;
664,-29640;
3627,-29390;
6597,-28909;
9486,-28120;
12285,-27022;
14896,-25659;
17366,-24031;
19718,-22166;
21851,-20068;
23746,-17773;
25398,-15337;
26788,-12708;
27917,-9952;
28767,-7110;
29339,-4136;
29632,-1176;
29598,1764;
29265,4745;
28640,7652;
27717,10510;
26529,13266;
25064,15824;
23350,18267;
21402,20547;
19211,22575;
16869,24424;
14329,26032;
11659,27292;
8903,28285;
5980,29039;
3055,29513;
72,29655;
-2960,29504;
-5857,29084;
-8747,28328;
-11574,27292;
-14258,26010;
-16844,24431;
-19180,22629;
-21343,20623;
-23327,18372;
-25049,15927;
-26490,13337;
-27666,10623;
-28607,7780;
-29248,4885;
-29592,1955;
-29597,-1083;
-29353,-4042;
-28833,-6930;
-27970,-9825;
-26864,-12589;
-25450,-15227;
-23795,-17707;
-21919,-20037;
-19770,-22118;
-17464,-23946;
-14993,-25611;
-12343,-26988;
-9584,-28073;
-6736,-28909;
-3776,-29434;
-785,-29635;
2165,-29561;
5136,-29188;
8075,-28531;
10909,-27605;
13636,-26364;
16197,-24851;
18565,-23101;
20818,-21133;
22833,-18971;
24592,-16585;
26151,-14026;
27394,-11323;
28356,-8486;
29074,-5600;
29533,-2638;
29629,320;
29443,3267;
29009,6228;
28229,9087;
27169,11911;
25808,14589;
24238,17089;
22439,19439;
20351,21566;
18101,23520;
15622,25187;
12998,26606;
10298,27830;
7468,28722;
4549,29323;
1556,29617;
-1402,29609;
-4357,29340;
-7304,28722;
-10167,27821;
-12907,26707;
-15520,25278;
-17977,23613;
-20251,21681;
-22368,19501;
-24178,17201;
-25728,14662;
-27092,12013;
-28161,9267;
-28935,6347;
-29452,3404;
-29642,434;
-29512,-2540;
-29133,-5485;
-28448,-8387;
-27453,-11188;
-26185,-13864;
-24662,-16422;
-22917,-18834;
-20884,-21044;
-18669,-23039;
-16315,-24786;
-13696,-26298;
-10994,-27555;
-8200,-28512;
-5276,-29164;
-2339,-29538;
629,-29633;
3613,-29405;
6579,-28908;
9423,-28127;
12185,-27037;
14886,-25675;
17353,-24053;
19635,-22208;
21813,-20090;
23711,-17797;
25375,-15379;
26800,-12730;
27913,-10011;
28784,-7137;
29356,-4159;
29645,-1241;
29608,1753;
29261,4721;
28637,7635;
27754,10498;
26576,13201;
25097,15780;
23426,18263;
21461,20538;
19291,22541;
16967,24352;
14380,25934;
11713,27231;
8949,28272;
6027,29012;
3124,29483;
183,29671;
-2832,29518;
-5795,29094;
-8673,28351;
-11501,27311;
-14192,26064;
-16713,24490;
-19093,22673;
-21295,20676;
-23260,18391;
-24957,15995;
-26457,13410;
-27636,10658;
-28563,7887;
-29237,4928;
-29553,1963;
-29649,-981;
-29390,-3955;
-28846,-6851;
-28026,-9739;
-26871,-12502;
-25511,-15133;
-23836,-17648;
-21943,-19943;
-19865,-22055;
-17518,-23925;
-15038,-25525;
-12433,-26916;
-9688,-28046;
-6800,-28873;
-3863,-29418;
-929,-29648;
2078,-29545;
5019,-29207;
7947,-28574;
10794,-27628;
13467,-26437;
16098,-24916;
18512,-23160;
20720,-21226;
22773,-19024;
24561,-16650;
26107,-14109;
27363,-11401;
28355,-8619;
29086,-5726;
29493,-2753;
29618,226;
29447,3187;
28988,6136;
28255,9019;
27203,11817;
25899,14499;
24339,16986;
22476,19358;
20426,21522;
18203,23456;
15734,25165;
13114,26607;
10387,27789;
7542,28641;
4628,29271;
1650,29606;
-1355,29602;
-4316,29313;
-7225,28755;
-10086,27888;
-12813,26717;
-15410,25338;
-17918,23655;
-20198,21727;
-22266,19572;
-24134,17254;
-25700,14793;
-27080,12125;
-28177,9335;
-28927,6484;
-29437,3546;
-29627,527;
-29546,-2414;
-29150,-5358;
-28434,-8300;
-27490,-11120;
-26241,-13834;
-24721,-16370;
-22957,-18773;
-20977,-21022;
-18780,-22988;
-16383,-24731;
-13811,-26261;
-11088,-27491;
-8266,-28453;
-5357,-29152;
-2455,-29561;
535,-29635;
3549,-29400;
6415,-28931;
9301,-28148;
12135,-27059;
14783,-25713;
17281,-24108;
19590,-22249;
21727,-20187;
23649,-17909;
25284,-15454;
26720,-12854;
27884,-10078;
28733,-7239;
29334,-4304;
29608,-1349;
29599,1632;
29306,4590;
28688,7468;
27791,10357;
26606,13059;
25168,15639;
23459,18146;
21543,20406;
19419,22417;
17055,24281;
14530,25881;
11886,27145;
9106,28224;
6189,29001;
3275,29448;
339,29651;
-2638,29525;
-5612,29095;
-8521,28405;
-11342,27393;
-14031,26141;
-16549,24600;
-18951,22789;
-21160,20797;
-23127,18531;
-24867,16134;
-26371,13597;
-27559,10838;
-28510,8020;
-29191,5141;
-29552,2133;
-29627,-837;
-29397,-3791;
-28889,-6720;
-28043,-9562;
-26941,-12385;
-25587,-15024;
-23947,-17462;
-22072,-19815;
-19977,-21974;
-17674,-23831;
-15187,-25468;
-12567,-26886;
-9817,-27988;
-6957,-28797;
-4035,-29374;
-1063,-29634;
1934,-29562;
4874,-29271;
7771,-28624;
10641,-27658;
13362,-26483;
15943,-24983;
18386,-23281;
20623,-21328;
22668,-19115;
24472,-16799;
26008,-14232;
27303,-11535;
28342,-8791;
29058,-5879;
29507,-2921;
29634,32;
29442,3039;
29039,5968;
28290,8842;
27258,11691;
25969,14349;
24402,16873;
22612,19259;
20544,21386;
18286,23305;
15840,25040;
13231,26500;
10540,27692;
7720,28609;
4801,29218;
1831,29583;
-1194,29647;
-4155,29353;
-7042,28793;
-9893,27943;
-12635,26806;
-15281,25425;
-17758,23754;
-20058,21873;
-22152,19714;
-23984,17380;
-25614,14946;
-26994,12279;
-28084,9487;
-28871,6616;
-29408,3688;
-29634,699;
-29537,-2236;
-29189,-5173;
-28545,-8138;
-27568,-10961;
-26323,-13686;
-24805,-16249;
-23052,-18641;
-21111,-20848;
-18898,-22881;
-16533,-24687;
-13970,-26175;
-11276,-27455;
-8495,-28423;
-5562,-29094;
-2634,-29553;
355,-29632;
3382,-29432;
6261,-28979;
9135,-28145;
11976,-27123;
14578,-25822;
17104,-24169;
19483,-22381;
21616,-20319;
23540,-18021;
25249,-15602;
26695,-12995;
27812,-10273;
28702,-7406;
29313,-4446;
29586,-1504;
29591,1453;
29312,4424;
28725,7353;
27843,10185;
26693,12935;
25268,15557;
23556,18016;
21639,20295;
19511,22336;
17153,24172;
14614,25760;
11951,27099;
9206,28181;
6325,28946;
3390,29446;
429,29641;
-2570,29494;
-5510,29108;
-8398,28431;
-11229,27417;
-13916,26191;
-16463,24644;
-18855,22839;
-21071,20892;
-23076,18645;
-24790,16247;
-26261,13677;
-27516,10966;
-28497,8164;
-29173,5205;
-29557,2276;
-29620,-695;
-29368,-3693;
-28886,-6586;
-28094,-9463;
-27007,-12266;
-25662,-14897;
-24004,-17412;
-22146,-19705;
-20059,-21823;
-17763,-23775;
-15319,-25412;
-12698,-26824;
-9943,-27951;
-7068,-28759;
-4147,-29342;
-1193,-29613;
1829,-29575;
4773,-29268;
7685,-28623;
10547,-27718;
13250,-26535;
15883,-25056;
18285,-23362;
20516,-21405;
22607,-19220;
24354,-16872;
25916,-14367;
27266,-11709;
28286,-8892;
29038,-5962;
29487,-3024;
29635,-46;
29491,2935;
29032,5875;
28291,8796;
27283,11557;
26023,14234;
24453,16800;
22641,19153;
20627,21336;
18377,23304;
15969,25048;
13352,26464;
10615,27644;
7813,28605;
4906,29247;
1912,29574;
-1086,29579;
-4038,29351;
-6988,28817;
-9822,27962;
-12553,26843;
-15209,25454;
-17715,23789;
-19970,21898;
-22065,19782;
-23982,17490;
-25574,15036;
-26978,12338;
-28068,9569;
-28853,6702;
-29423,3759;
-29623,777;
-29520,-2240;
-29166,-5141;
-28505,-8043;
-27543,-10892;
-26345,-13591;
-24874,-16189;
-23111,-18559;
-21145,-20769;
-18932,-22813;
-16541,-24592;
-14017,-26168;
-11322,-27428;
-8528,-28412;
-5599,-29124;
-2657,-29511;
300,-29644;
3295,-29457;
6208,-28990;
9126,-28229;
11922,-27156;
14584,-25837;
17112,-24261;
19444,-22432;
21622,-20316;
23537,-18043;
25202,-15644;
26640,-12995;
27812,-10277;
28702,-7440;
29319,-4480;
29603,-1545;
29587,1476;
29319,4439;
28716,7303;
27854,10159;
26687,12909;
25246,15556;
23595,18002;
21630,20212;
19493,22329;
17209,24217;
14683,25762;
11993,27087;
9239,28171;
6358,28934;
3401,29446;
443,29657;
-2531,29510;
-5452,29118;
-8385,28452;
-11230,27471;
-13897,26193;
-16473,24636;
-18845,22857;
-21023,20870;
-23053,18666;
-24801,16276;
-26326,13717;
-27559,10987;
-28486,8185;
-29166,5243;
-29547,2259;
-29623,-666;
-29380,-3665;
-28919,-6582;
-28124,-9442;
-27014,-12257;
-25676,-14880;
-24005,-17365;
-22149,-19700;
-20091,-21829;
-17785,-23756;
-15341,-25410;
-12702,-26785;
-9957,-27922;
-7118,-28744;
-4163,-29361;
-1221,-29667;
1736,-29576;
4721,-29262;
7673,-28634;
10503,-27722;
13229,-26552;
15823,-25078;
18234,-23372;
20498,-21410;
22555,-19263;
24363,-16935;
25920,-14384;
27239,-11705;
28269,-8885;
29005,-5986;
29480,-3074;
29622,-111;
29476,2892;
29066,5814;
28330,8694;
27324,11537;
26037,14196;
24478,16760;
22711,19134;
20664,21278;
18384,23245;
15980,24965;
13414,26453;
10690,27658;
7897,28597;
4974,29252;
1945,29596;
-1001,29643;
-3937,29365;
-6895,28819;
-9752,28005;
-12538,26893;
-15184,25482;
-17637,23794;
-19946,21899;
-22052,19797;
-23914,17527;
-25543,15054;
-26951,12405;
-28056,9624;
-28833,6757;
-29391,3852;
-29632,865;
-29539,-2077;
-29194,-5040;
-28529,-8012;
-27581,-10822;
-26409,-13528;
-24898,-16094;
-23142,-18479;
-21204,-20715;
-18972,-22759;
-16633,-24549;
-14084,-26109;
-11361,-27412;
-8606,-28386;
-5677,-29089;
-2723,-29509;
266,-29603;
3238,-29440;
6150,-29012;
9086,-28248;
11880,-27164;
14527,-25854;
17060,-24272;
19394,-22416;
21558,-20349;
23507,-18095;
25151,-15663;
26586,-13048;
27794,-10314;
28689,-7534;
29294,-4617;
29595,-1596;
29576,1354;
29290,4340;
28734,7269;
27874,10081;
26733,12846;
25308,15435;
23634,17884;
21715,20229;
19561,22296;
17211,24097;
14734,25750;
12107,27124;
9313,28174;
6433,28952;
3456,29422;
481,29629;
-2487,29540;
-5425,29142;
-8312,28463;
-11172,27492;
-13844,26228;
-16387,24673;
-18790,22945;
-20990,20939;
-23015,18693;
-24798,16327;
-26261,13740;
-27480,11028;
-28461,8204;
-29115,5280;
-29531,2354;
-29633,-613;
-29384,-3616;
-28899,-6554;
-28124,-9419;
-27018,-12183;
-25669,-14832;
-24057,-17347;
-22173,-19651;
-20110,-21794;
-17853,-23720;
-15401,-25376;
-12745,-26778;
-9952,-27894;
-7123,-28746;
-4218,-29343;
-1249,-29606;
1716,-29565;
4665,-29274;
7618,-28664;
10477,-27749;
13175,-26577;
15770,-25100;
18200,-23352;
20432,-21412;
22502,-19273;
24311,-16928;
25893,-14374;
27235,-11735;
28228,-8953;
28983,-6011;
29467,-3096;
29614,-147;
29480,2867;
29062,5816;
28326,8679;
27302,11491;
26006,14171;
24465,16727;
22680,19143;
20612,21317;
18377,23257;
15996,24991;
13400,26440;
10662,27657;
7810,28633;
4898,29227;
1971,29554;
-1015,29594;
-3985,29332;
-6940,28819;
-9823,27974;
-12556,26839;
-15185,25467;
-17640,23821;
-19898,21915;
-22069,19824;
-23955,17516;
-25543,15003;
-26959,12383;
-28018,9603;
-28845,6715;
-29385,3812;
-29596,856;
-29575,-2108;
-29210,-5058;
-28545,-8007;
-27570,-10890;
-26350,-13572;
-24862,-16125;
-23108,-18581;
-21146,-20795;
-18959,-22821;
-16588,-24594;
-14007,-26123;
-11360,-27435;
-8565,-28377;
-5614,-29098;
-2692,-29558;
309,-29637;
3281,-29438;
6175,-28977;
9079,-28223;
11878,-27156;
14551,-25848;
17093,-24258;
19420,-22405;
21590,-20372;
23526,-18123;
25158,-15643;
26624,-13019;
27808,-10325;
28665,-7453;
29289,-4491;
29593,-1569;
29579,1416;
29291,4411;
28739,7336;
27855,10193;
26686,12902;
25269,15520;
23591,17974;
21692,20261;
19502,22362;
17160,24161;
14671,25796;
12016,27124;
9246,28168;
6328,28952;
3386,29419;
453,29648;
-2522,29531;
-5502,29086;
-8391,28379;
-11207,27432;
-13929,26186;
-16437,24661;
-18811,22876;
-21068,20856;
-23053,18660;
-24755,16272;
-26251,13699;
-27522,10983;
-28488,8187;
-29152,5253;
-29561,2289;
-29599,-669;
-29371,-3665;
-28919,-6558;
-28077,-9436;
-26999,-12262;
-25644,-14878;
-23965,-17384;
-22126,-19729;
-20055,-21846;
-17763,-23750;
-15341,-25402;
-12703,-26825;
-9943,-27948;
-7086,-28779;
-4134,-29349;
-1198,-29604;
1837,-29570;
4816,-29259;
7689,-28634;
10541,-27706;
13271,-26511;
15882,-25060;
18291,-23335;
20508,-21356;
22612,-19189;
24435,-16828;
25956,-14318;
27259,-11660;
28289,-8848;
29034,-5940;
29497,-2975;
29622,-4;
29453,2962;
29050,5895;
28296,8802;
27244,11612;
25982,14278;
24419,16834;
22591,19176;
20568,21344;
18324,23337;
15897,25037;
13291,26510;
10574,27690;
7746,28594;
4814,29266;
1858,29608;
-1130,29621;
-4095,29345;
-7075,28807;
-9939,27921;
-12644,26793;
-15294,25421;
-17764,23720;
-20036,21843;
-22151,19746;
-23987,17423;
-25585,14916;
-26982,12258;
-28052,9519;
-28870,6624;
-29413,3677;
-29643,730;
-29575,-2252;
-29170,-5208;
-28510,-8165;
-27562,-11006;
-26339,-13663;
-24850,-16230;
-23094,-18650;
-21084,-20855;
-18827,-22886;
-16495,-24668;
-13939,-26154;
-11216,-27435;
-8462,-28432;
-5530,-29119;
-2565,-29524;
383,-29641;
3390,-29465;
6321,-28944;
9195,-28184;
12011,-27147;
14622,-25774;
17138,-24167;
19465,-22335;
21626,-20267;
23617,-18015;
25251,-15591;
26664,-12947;
27824,-10195;
28721,-7360;
29310,-4429;
29583,-1468;
29578,1544;
29242,4516;
28688,7442;
27807,10303;
26635,13034;
25239,15654;
23531,18109;
21594,20361;
19430,22413;
17097,24249;
14595,25845;
11882,27139;
9095,28166;
6258,28968;
3296,29458;
319,29624;
-2657,29479;
-5604,29071;
-8481,28398;
-11323,27404;
-14001,26117;
-16555,24574;
-18918,22806;
-21128,20782;
-23151,18563;
-24842,16203;
-26348,13575;
-27574,10854;
-28536,8110;
-29208,5147;
-29541,2168;
-29593,-799;
-29364,-3799;
-28870,-6699;
-28027,-9563;
-26943,-12348;
-25605,-14962;
-23956,-17460;
-22086,-19798;
-19993,-21893;
-17722,-23822;
-15244,-25505;
-12587,-26871;
-9848,-27969;
-6986,-28807;
-4053,-29417;
-1086,-29649;
1935,-29545;
4872,-29259;
7760,-28617;
10611,-27638;
13325,-26474;
15920,-25030;
18351,-23272;
20583,-21337;
22603,-19157;
24426,-16741;
26002,-14223;
27285,-11524;
28319,-8748;
29038,-5885;
29477,-2902;
29665,46;
29499,3028;
29042,5997;
28285,8873;
27249,11665;
25976,14344;
24374,16852;
22555,19227;
20540,21431;
18284,23341;
15846,25051;
13226,26521;
10503,27700;
7681,28618;
4753,29249;
1838,29589;
-1154,29620;
-4132,29363;
-7050,28775;
-9961,27914;
-12691,26787;
-15315,25346;
-17787,23675;
-20080,21802;
-22173,19692;
-23998,17347;
-25655,14882;
-27012,12250;
-28066,9430;
-28878,6536;
-29399,3603;
-29643,641;
-29553,-2345;
-29148,-5267;
-28474,-8148;
-27517,-10991;
-26307,-13687;
-24784,-16265;
-23017,-18705;
-21038,-20927;
-18801,-22928;
-16449,-24683;
-13891,-26210;
-11178,-27488;
-8389,-28418;
-5465,-29119;
-2528,-29553;
424,-29624;
3417,-29448;
6354,-28960;
9219,-28146;
12033,-27076;
14675,-25757;
17169,-24161;
19496,-22296;
21655,-20230;
23613,-17938;
25264,-15507;
26710,-12930;
27861,-10150;
28701,-7297;
29301,-4350;
29586,-1391;
29548,1565;
29246,4560;
28684,7484;
27797,10312;
26618,13059;
25196,15691;
23528,18108;
21559,20393;
19404,22447;
17079,24227;
14520,25835;
11884,27155;
9101,28184;
6206,28966;
3276,29461;
249,29642;
-2714,29502;
-5620,29090;
-8523,28399;
-11350,27380;
-14046,26120;
-16583,24578;
-18969,22771;
-21159,20761;
-23148,18524;
-24897,16112;
-26359,13505;
-27598,10792;
-28530,7997;
-29166,5053;
-29556,2116;
-29602,-840;
-29385,-3856;
-28848,-6751;
-27997,-9617;
-26927,-12395;
-25555,-15009;
-23903,-17509;
-22037,-19796;
-19938,-21930;
-17684,-23827;
-15226,-25498;
-12545,-26910;
-9801,-27959;
-6899,-28798;
-3936,-29369;
-1025,-29610;
1966,-29575;
4919,-29241;
7833,-28590;
10669,-27647;
13334,-26456;
15979,-24997;
18397,-23271;
20589,-21315;
22670,-19107;
24472,-16733;
26063,-14234;
27337,-11522;
28284,-8705;
29036,-5834;
29506,-2847;
29641,122;
29468,3082;
29043,6038;
28272,8930;
27212,11712;
25933,14375;
24333,16954;
22542,19248;
20477,21389;
18233,23405;
15834,25101;
13165,26548;
10475,27744;
7684,28633;
4724,29242;
1748,29607;
-1225,29603;
-4161,29314;
-7082,28787;
-9999,27903;
-12721,26791;
-15317,25388;
-17795,23683;
-20081,21789;
-22206,19628;
-24039,17316;
-25644,14879;
-27038,12204;
-28089,9400;
-28874,6526;
-29424,3579;
-29606,615;
-29518,-2361;
-29180,-5309;
-28474,-8215;
-27467,-11088;
-26247,-13770;
-24765,-16290;
-22986,-18722;
-21011,-20934;
-18820,-22937;
-16394,-24732;
-13838,-26246;
-11147,-27488;
-8318,-28442;
-5415,-29128;
-2487,-29549;
506,-29651;
3518,-29431;
6433,-28926;
9306,-28145;
12060,-27068;
14699,-25734;
17227,-24147;
19549,-22262;
21704,-20184;
23635,-17969;
25301,-15495;
26720,-12855;
27841,-10106;
28728,-7236;
29350,-4330;
29596,-1355;
29580,1645;
29288,4566;
28681,7489;
27754,10397;
26605,13111;
25190,15703;
23431,18171;
21515,20393;
19349,22441;
16990,24271;
14475,25839;
11782,27184;
9044,28221;
6133,28988;
3172,29472;
244,29624;
-2778,29501;
-5715,29124;
-8609,28382;
-11472,27305;
-14120,26082;
-16651,24536;
-19023,22711;
-21207,20742;
-23208,18504;
-24929,16094;
-26415,13486;
-27613,10759;
-28506,7949;
-29202,4987;
-29578,2096;
-29597,-895;
-29359,-3918;
-28833,-6755;
-28015,-9677;
-26910,-12480;
-25531,-15087;
-23868,-17593;
-22005,-19896;
-19910,-22019;
-17574,-23868;
-15116,-25513;
-12511,-26923;
-9732,-27991;
-6842,-28835;
-3947,-29398;
-961,-29635;
2095,-29542;
5003,-29186;
7890,-28578;
10775,-27640;
13494,-26441;
16093,-24918;
18477,-23173;
20705,-21247;
22750,-19008;
24505,-16622;
26079,-14108;
27337,-11395;
28313,-8604;
29082,-5718;
29533,-2753;
29641,221;
29439,3232;
28989,6147;
28248,9010;
27212,11856;
25887,14522;
24283,17014;
22462,19355;
20404,21527;
18156,23473;
15740,25156;
13111,26606;
10356,27771;
7517,28641;
4593,29290;
1671,29619;
-1309,29605;
-4315,29338;
-7177,28778;
-10051,27893;
-12835,26752;
-15423,25331;
-17949,23637;
-20203,21736;
-22252,19612;
-24131,17303;
-25691,14786;
-27078,12124;
-28163,9341;
-28901,6453;
-29447,3524;
-29641,532;
-29510,-2460;
-29151,-5420;
-28446,-8307;
-27449,-11132;
-26236,-13833;
-24709,-16397;
-22952,-18811;
-20957,-20961;
-18690,-22993;
-16345,-24776;
-13783,-26257;
-11064,-27551;
-8278,-28480;
-5324,-29147;
-2385,-29561;
593,-29616;
3608,-29427;
6514,-28942;
9381,-28119;
12170,-27036;
14818,-25671;
17325,-24063;
19654,-22234;
21783,-20116;
23717,-17847;
25374,-15407;
26752,-12748;
27916,-10029;
28763,-7154;
29346,-4184;
29631,-1256;
29575,1739;
29265,4725;
28647,7636;
27723,10505;
26552,13188;
25111,15769;
23367,18255;
21429,20484;
19272,22547;
16926,24337;
14414,25902;
11712,27262;
8939,28267;
6038,29006;
3073,29474;
130,29649;
-2868,29499;
-5809,29072;
-8701,28354;
-11510,27303;
-14169,26028;
-16745,24502;
-19113,22704;
-21287,20635;
-23247,18369;
-24973,15983;
-26443,13398;
-27653,10675;
-28605,7849;
-29230,4896;
-29587,1935;
-29606,-1027;
-29355,-3985;
-28812,-6911;
-27969,-9806;
-26901,-12585;
-25473,-15175;
-23770,-17635;
-21909,-19980;
-19776,-22081;
-17446,-23963;
-15008,-25594;
-12363,-26954;
-9606,-28057;
-6732,-28872;
-3777,-29408;
-847,-29637;
2163,-29558;
5129,-29186;
8035,-28506;
10910,-27552;
13597,-26354;
16183,-24837;
18596,-23093;
20813,-21153;
22870,-18953;
24591,-16555;
26110,-13979;
27417,-11287;
28369,-8509;
29101,-5603;
29520,-2634;
29601,357;
29445,3325;
28965,6259;
28171,9167;
27141,11917;
25812,14595;
24200,17153;
22382,19487;
20310,21633;
18013,23517;
15579,25243;
12956,26677;
10185,27802;
7397,28720;
4493,29309;
1487,29640;
-1511,29615;
-4478,29274;
-7400,28708;
-10248,27804;
-12978,26662;
-15605,25212;
-18045,23508;
-20304,21606;
-22392,19442;
-24215,17085;
-25799,14562;
-27145,11943;
-28197,9142;
-28957,6232;
-29455,3308;
-29645,359;
-29502,-2637;
-29119,-5612;
-28402,-8504;
-27370,-11365;
-26134,-14027;
-24574,-16552;
-22805,-18974;
-20797,-21145;
-18544,-23130;
-16160,-24897;
-13545,-26386;
-10865,-27621;
-8057,-28537;
-5080,-29208;
-2135,-29596;
822,-29608;
3772,-29371;
6710,-28881;
9630,-28058;
12411,-26923;
15015,-25549;
17501,-23914;
19812,-22002;
21940,-19923;
23851,-17640;
25464,-15128;
26850,-12508;
27974,-9771;
28829,-6891;
29365,-3965;
29582,-997;
29538,2006;
29183,4953;
28561,7879;
27636,10707;
26413,13416;
24944,16052;
23197,18478;
21231,20696;
19069,22713;
16717,24498;
14171,26050;
11460,27355;
8674,28360;
5785,29062;
2851,29521;
-110,29652;
-3115,29471;
-6058,29028;
-8974,28268;
-11795,27208;
-14422,25890;
-16949,24305;
-19333,22494;
-21450,20455;
-23382,18162;
-25132,15721;
-26583,13114;
-27759,10362;
-28644,7551;
-29253,4658;
-29617,1677;
-29605,-1333;
-29296,-4284;
-28747,-7197;
-27858,-10095;
-26717,-12852;
-25283,-15454;
-23625,-17919;
-21724,-20173;
-19554,-22241;
-17259,-24111;
-14757,-25740;
-12074,-27070;
-9259,-28117;
-6416,-28939;
-3500,-29438;
-512,-29608;
2482,-29496;
5449,-29123;
8273,-28438;
11124,-27438;
13822,-26224;
16361,-24705;
18857,-22928;
21040,-20911;
22982,-18699;
24743,-16311;
26248,-13730;
27505,-11030;
28495,-8189;
29164,-5322;
29512,-2353;
29596,636;
29394,3585;
28899,6570;
28087,9441;
26997,12207;
25662,14860;
24024,17332;
22168,19687;
20097,21853;
17817,23682;
15354,25351;
12688,26779;
9956,27889;
7114,28764;
4175,29317;
1246,29626;
-1782,29592;
-4764,29263;
-7645,28663;
-10519,27710;
-13250,26546;
-15853,25062;
-18269,23330;
-20472,21404;
-22553,19199;
-24385,16852;
-25963,14357;
-27280,11677;
-28260,8852;
-28987,5977;
-29462,3024;
-29618,42;
-29478,-2901;
-29055,-5865;
-28298,-8750;
-27266,-11578;
-25970,-14290;
-24400,-16794;
-22630,-19170;
-20588,-21355;
-18303,-23309;
-15895,-24998;
-13286,-26454;
-10535,-27687;
-7736,-28589;
-4820,-29227;
-1870,-29590;
1114,-29594;
4080,-29358;
6957,-28831;
9870,-27915;
12688,-26789;
15287,-25406;
17757,-23738;
20048,-21869;
22119,-19703;
24004,-17401;
25642,-14946;
27008,-12247;
28086,-9491;
28873,-6610;
29403,-3672;
29617,-745;
29521,2280;
29164,5252;
28482,8141;
27508,11024;
26296,13713;
24770,16241;
23039,18658;
21066,20864;
18840,22885;
16477,24680;
13907,26221;
11206,27439;
8379,28415;
5476,29148;
2553,29525;
-454,29628;
-3423,29407;
-6328,28933;
-9224,28182;
-12038,27088;
-14690,25776;
-17197,24156;
-19540,22292;
-21668,20224;
-23572,17938;
-25256,15501;
-26702,12870;
-27843,10136;
-28710,7308;
-29304,4368;
-29592,1364;
-29597,-1616;
-29248,-4573;
-28633,-7527;
-27796,-10328;
-26631,-13071;
-25166,-15707;
-23438,-18098;
-21505,-20394;
-19363,-22449;
-17035,-24248;
-14524,-25861;
-11835,-27186;
-9054,-28226;
-6152,-28966;
-3193,-29471;
-250,-29674;
2710,-29522;
5638,-29106;
8560,-28395;
11381,-27353;
14025,-26103;
16613,-24547;
18996,-22741;
21180,-20768;
23178,-18497;
24891,-16100;
26384,-13515;
27599,-10760;
28531,-7950;
29152,-5044;
29526,-2099;
29623,879;
29368,3853;
28848,6757;
28007,9615;
26909,12417;
25561,15044;
23930,17522;
22030,19872;
19913,21990;
17619,23844;
15161,25482;
12528,26919;
9742,28050;
6912,28841;
3933,29368;
957,29614;
-2025,29539;
-5003,29207;
-7870,28596;
-10773,27653;
-13474,26439;
-16019,24936;
-18460,23195;
-20679,21249;
-22704,19047;
-24493,16685;
-26051,14128;
-27340,11426;
-28365,8678;
-29097,5767;
-29528,2821;
-29631,-172;
-29446,-3156;
-28983,-6068;
-28208,-9008;
-27189,-11769;
-25885,-14422;
-24282,-16981;
-22453,-19349;
-20395,-21526;
-18150,-23433;
-15759,-25138;
-13133,-26587;
-10399,-27761;
-7580,-28659;
-4629,-29280;
-1683,-29581;
1317,-29589;
4291,-29359;
7178,-28755;
10066,-27872;
12826,-26731;
15445,-25311;
17923,-23661;
20181,-21748;
22249,-19570;
24093,-17230;
25687,-14766;
27039,-12087;
28146,-9313;
28951,-6479;
29442,-3533;
29643,-541;
29498,2469;
29107,5434;
28448,8340;
27464,11116;
26235,13787;
24722,16384;
22965,18761;
20954,20950;
18716,22961;
16368,24744;
13801,26256;
11042,27492;
8249,28468;
5357,29139;
2391,29527;
-580,29610;
-3565,29410;
-6462,28938;
-9342,28112;
-12155,27030;
-14804,25694;
-17294,24069;
-19625,22229;
-21793,20140;
-23664,17868;
-25340,15387;
-26776,12778;
-27874,10058;
-28743,7124;
-29331,4214;
-29615,1287;
-29598,-1722;
-29248,-4693;
-28659,-7625;
-27759,-10430;
-26526,-13158;
-25066,-15769;
-23363,-18217;
-21449,-20482;
-19271,-22504;
-16931,-24353;
-14403,-25918;
-11692,-27220;
-8978,-28261;
-6063,-28983;
-3089,-29461;
-168,-29645;
2859,-29502;
5796,-29059;
8691,-28330;
11514,-27332;
14158,-26047;
16726,-24467;
19086,-22695;
21254,-20665;
23222,-18409;
24919,-15998;
26404,-13413;
27646,-10708;
28575,-7852;
29207,-4945;
29567,-1993;
29605,967;
29337,3948;
28808,6926;
27997,9724;
26876,12474;
25474,15142;
23834,17612;
21942,19928;
19821,22034;
17530,23928;
15024,25564;
12396,26914;
9645,28034;
6726,28837;
3852,29395;
894,29650;
-2162,29531;
-5088,29210;
-7994,28531;
-10816,27567;
-13508,26395;
-16094,24886;
-18488,23150;
-20741,21177;
-22766,18966;
-24553,16564;
-26116,14037;
-27383,11370;
-28359,8556;
-29075,5657;
-29524,2714;
-29638,-269;
-29452,-3289;
-28976,-6223;
-28199,-9066;
-27152,-11874;
-25859,-14546;
-24257,-17010;
-22430,-19403;
-20410,-21569;
-18127,-23468;
-15700,-25208;
-13094,-26591;
-10312,-27746;
-7481,-28708;
-4596,-29281;
-1601,-29578;
1375,-29624;
4303,-29330;
7277,-28762;
10111,-27862;
12825,-26696;
15461,-25334;
17910,-23609;
20191,-21643;
22270,-19575;
24134,-17264;
25717,-14709;
27088,-12049;
28158,-9281;
28903,-6410;
29443,-3482;
29619,-492;
29509,2487;
29111,5416;
28440,8351;
27489,11182;
26212,13832;
24689,16422;
22900,18835;
20928,21013;
18712,23011;
16325,24753;
13787,26271;
11050,27519;
8286,28473;
5358,29158;
2380,29536;
-582,29609;
-3580,29395;
-6476,28923;
-9378,28132;
-12190,27015;
-14824,25669;
-17298,24057;
-19629,22182;
-21791,20119;
-23678,17842;
-25344,15352;
-26763,12764;
-27915,10046;
-28782,7156;
-29334,4251;
-29612,1272;
-29571,-1743;
-29234,-4694;
-28630,-7610;
-27726,-10470;
-26551,-13233;
-25092,-15817;
-23361,-18224;
-21426,-20492;
-19243,-22547;
-16921,-24324;
-14434,-25891;
-11705,-27192;
-8970,-28222;
-6087,-29005;
-3107,-29495;
-151,-29630;
2865,-29489;
5770,-29072;
8684,-28308;
11526,-27281;
14207,-26029;
16744,-24510;
19066,-22657;
21265,-20640;
23239,-18417;
24974,-16005;
26468,-13413;
27660,-10656;
28558,-7846;
29186,-4932;
29539,-1987;
29595,993;
29363,3953;
28810,6893;
27971,9774;
26872,12534;
25467,15175;
23811,17634;
21962,19917;
19821,22053;
17512,23932;
15091,25539;
12397,26927;
9614,28008;
6782,28818;
3825,29383;
871,29640;
-2117,29538;
-5091,29162;
-8002,28542;
-10829,27582;
-13532,26374;
-16124,24901;
-18497,23132;
-20727,21194;
-22792,18974;
-24551,16606;
-26081,14117;
-27355,11372;
-28338,8579;
-29072,5673;
-29520,2713;
-29629,-221;
-29454,-3205;
-29002,-6177;
-28200,-9077;
-27167,-11841;
-25882,-14510;
-24267,-17027;
-22432,-19354;
-20367,-21514;
-18150,-23457;
-15715,-25176;
-13075,-26617;
-10348,-27783;
-7480,-28672;
-4595,-29263;
-1624,-29562;
1409,-29593;
4335,-29323;
7213,-28725;
10070,-27864;
12819,-26726;
15443,-25290;
17912,-23621;
20188,-21705;
22249,-19555;
24089,-17255;
25711,-14751;
27045,-12090;
28125,-9307;
28924,-6437;
29428,-3503;
29647,-513;
29529,2446;
29134,5445;
28446,8321;
27447,11067;
26198,13795;
24696,16356;
22933,18747;
20960,20987;
18731,22995;
16330,24738;
13803,26271;
11083,27524;
8266,28472;
5344,29139;
2393,29505;
-550,29624;
-3513,29433;
-6453,28917;
-9330,28114;
-12115,27043;
-14765,25711;
-17271,24095;
-19641,22217;
-21780,20174;
-23677,17913;
-25313,15410;
-26759,12807;
-27904,10034;
-28720,7185;
-29328,4256;
-29555,1262;
-29558,-1671;
-29280,-4614;
-28639,-7549;
-27751,-10415;
-26561,-13118;
-25128,-15734;
-23424,-18181;
-21493,-20415;
-19329,-22497;
-16990,-24284;
-14484,-25864;
-11783,-27205;
-8988,-28214;
-6089,-28990;
-3188,-29459;
-233,-29612;
2799,-29504;
5725,-29087;
8579,-28352;
11415,-27337;
14085,-26071;
16647,-24541;
19060,-22753;
21212,-20710;
23193,-18482;
24913,-16089;
26398,-13498;
27617,-10756;
28552,-7918;
29229,-5036;
29569,-2074;
29639,905;
29369,3874;
28828,6844;
28048,9676;
26933,12399;
25545,15048;
23890,17552;
22028,19861;
19915,21974;
17609,23867;
15162,25504;
12505,26878;
9754,27991;
6886,28827;
3926,29371;
986,29629;
-1995,29553;
-4956,29196;
-7848,28578;
-10704,27661;
-13390,26452;
-15978,24953;
-18430,23223;
-20662,21271;
-22707,19075;
-24475,16730;
-26046,14179;
-27343,11464;
-28316,8739;
-29073,5817;
-29512,2830;
-29628,-100;
-29447,-3133;
-29000,-6078;
-28303,-8936;
-27235,-11748;
-25916,-14398;
-24336,-16949;
-22504,-19291;
-20492,-21420;
-18234,-23404;
-15810,-25118;
-13167,-26556;
-10439,-27762;
-7613,-28650;
-4685,-29259;
-1759,-29570;
1265,-29581;
4216,-29338;
7146,-28770;
10005,-27922;
12709,-26739;
15372,-25324;
17802,-23706;
20097,-21786;
22266,-19663;
24058,-17317;
25656,-14834;
27042,-12203;
28068,-9415;
28893,-6582;
29435,-3606;
29642,-630;
29546,2344;
29150,5337;
28492,8225;
27508,11075;
26279,13783;
24755,16349;
22975,18746;
21021,20904;
18768,22911;
16414,24716;
13912,26211;
11129,27470;
8315,28447;
5417,29114;
2439,29511;
-498,29592;
-3481,29428;
-6395,28926;
-9281,28108;
-12075,27088;
-14698,25744;
-17246,24135;
-19520,22316;
-21668,20212;
-23627,17981;
-25280,15519;
-26734,12830;
-27852,10141;
-28698,7258;
-29309,4347;
-29598,1445;
-29589,-1579;
-29292,-4540;
-28670,-7486;
-27768,-10310;
-26582,-13043;
-25163,-15681;
-23490,-18105;
-21527,-20380;
-19360,-22433;
-17022,-24306;
-14530,-25889;
-11859,-27170;
-9073,-28229;
-6194,-28994;
-3285,-29489;
-333,-29666;
2679,-29532;
5617,-29102;
8535,-28386;
11354,-27390;
14016,-26119;
16609,-24572;
19002,-22796;
21168,-20790;
23132,-18548;
24863,-16172;
26361,-13595;
27609,-10857;
28539,-8069;
29182,-5137;
29588,-2172;
29606,787;
29368,3796;
28880,6705;
28028,9573;
26970,12368;
25611,14973;
23953,17465;
22102,19818;
20008,21908;
17733,23769;
15251,25457;
12595,26864;
9850,27958;
6949,28784;
3982,29354;
1066,29627;
-1928,29555;
-4923,29219;
-7774,28609;
-10610,27666;
-13330,26477;
-15909,24989;
-18375,23271;
-20596,21334;
-22647,19104;
-24493,16789;
-26044,14271;
-27306,11543;
-28299,8775;
-29050,5881;
-29498,2932;
-29615,-41;
-29451,-3034;
-29038,-5997;
-28301,-8892;
-27235,-11693;
-25965,-14340;
-24376,-16884;
-22557,-19282;
-20558,-21404;
-18263,-23390;
-15870,-25105;
-13284,-26509;
-10528,-27696;
-7670,-28613;
-4744,-29285;
-1826,-29612;
1198,-29643;
4146,-29373;
7052,-28763;
9917,-27924;
12660,-26794;
15308,-25382;
17795,-23737;
20086,-21832;
22161,-19685;
24022,-17385;
25598,-14917;
26995,-12210;
28104,-9434;
28860,-6590;
29419,-3630;
29642,-681;
29539,2284;
29183,5224;
28484,8137;
27523,10984;
26321,13677;
24809,16274;
23052,18666;
21044,20886;
18859,22902;
16499,24630;
13876,26180;
11207,27449;
8434,28395;
5490,29119;
2591,29540;
-410,29613;
-3431,29420;
-6327,28946;
-9210,28166;
-11992,27092;
-14645,25750;
-17130,24155;
-19472,22311;
-21659,20245;
-23576,17993;
-25270,15568;
-26677,12918;
-27801,10150;
-28715,7341;
-29341,4442;
-29625,1468;
-29584,-1593;
-29280,-4551;
-28672,-7415;
-27794,-10292;
-26647,-12999;
-25187,-15606;
-23521,-18104;
-21596,-20346;
-19434,-22411;
-17142,-24255;
-14613,-25806;
-11913,-27121;
-9133,-28149;
-6272,-28933;
-3336,-29450;
-337,-29605;
2609,-29488;
5564,-29080;
8471,-28378;
11284,-27392;
13991,-26132;
16512,-24609;
18902,-22823;
21114,-20843;
23097,-18613;
24801,-16202;
26285,-13641;
27533,-10900;
28497,-8122;
29205,-5232;
29553,-2240;
29610,726;
29417,3670;
28886,6596;
28060,9474;
26973,12254;
25597,14916;
23970,17379;
22170,19698;
20055,21842;
17718,23759;
15316,25438;
12658,26803;
9925,27951;
7108,28782;
4121,29319;
1176,29619;
-1840,29538;
-4797,29225;
-7664,28637;
-10537,27699;
-13227,26510;
-15813,25059;
-18270,23354;
-20551,21384;
-22574,19231;
-24337,16905;
-25962,14363;
-27266,11697;
-28292,8899;
-29034,5983;
-29449,3043;
-29613,48;
-29469,-2947;
-29042,-5864;
-28308,-8723;
-27310,-11537;
-26028,-14238;
-24437,-16762;
-22665,-19119;
-20625,-21298;
-18379,-23257;
-15985,-24951;
-13370,-26445;
-10664,-27689;
-7826,-28581;
-4898,-29201;
-1985,-29569;
1030,-29624;
3989,-29370;
6876,-28829;
9823,-27979;
12570,-26881;
15163,-25482;
17626,-23779;
19902,-21932;
22072,-19840;
23915,-17547;
25545,-15060;
26945,-12380;
27978,-9665;
28816,-6794;
29386,-3841;
29620,-913;
29526,2090;
29186,5072;
28545,7996;
27575,10844;
26343,13535;
24869,16122;
23165,18529;
21169,20750;
18983,22783;
16613,24563;
14048,26104;
11386,27375;
8572,28367;
5636,29076;
2724,29500;
-219,29611;
-3208,29445;
-6156,28987;
-9039,28204;
-11809,27184;
-14488,25895;
-17014,24275;
-19336,22436;
-21515,20418;
-23451,18146;
-25118,15694;
-26594,13112;
-27772,10363;
-28634,7503;
-29254,4595;
-29599,1650;
-29578,-1322;
-29290,-4299;
-28742,-7196;
-27837,-10026;
-26710,-12790;
-25300,-15407;
-23627,-17878;
-21737,-20142;
-19581,-22242;
-17270,-24135;
-14766,-25682;
-12096,-27033;
-9354,-28122;
-6482,-28891;
-3529,-29431;
-549,-29639;
2439,-29522;
5372,-29122;
8256,-28448;
11092,-27485;
13808,-26222;
16340,-24700;
18756,-22953;
20990,-20957;
22981,-18764;
24759,-16370;
26271,-13768;
27478,-11075;
28426,-8269;
29165,-5367;
29542,-2401;
29603,583;
29419,3532;
28909,6474;
28112,9370;
27053,12151;
25697,14793;
24040,17281;
22181,19594;
20117,21754;
17852,23668;
15418,25289;
12809,26731;
10036,27884;
7171,28765;
4257,29370;
1264,29579;
-1730,29579;
-4704,29285;
-7570,28629;
-10397,27741;
-13172,26549;
-15757,25091;
-18216,23405;
-20457,21458;
-22513,19322;
-24353,16989;
-25881,14439;
-27200,11771;
-28236,8952;
-28961,6048;
-29479,3123;
-29666,143;
-29506,-2826;
-29086,-5771;
-28335,-8648;
-27307,-11455;
-26051,-14166;
-24512,-16725;
-22710,-19071;
-20661,-21228;
-18434,-23217;
-16069,-24932;
-13439,-26437;
-10682,-27658;
-7909,-28543;
-4981,-29181;
-2029,-29554;
921,-29631;
3916,-29378;
6841,-28834;
9723,-28004;
12495,-26880;
15124,-25493;
17614,-23883;
19899,-22011;
21994,-19861;
23866,-17556;
25506,-15102;
26897,-12473;
28025,-9723;
28841,-6857;
29387,-3938;
29620,-977;
29520,2014;
29186,4961;
28569,7902;
27639,10755;
26426,13451;
24946,16049;
23204,18481;
21235,20679;
19086,22704;
16737,24506;
14169,26019;
11501,27344;
8649,28384;
5740,29049;
2838,29489;
-177,29637;
-3129,29472;
-6039,29029;
-8948,28255;
-11732,27221;
-14396,25898;
-16985,24310;
-19291,22527;
-21440,20451;
-23452,18143;
-25104,15782;
-26576,13192;
-27760,10436;
-28587,7634;
-29228,4677;
-29576,1757;
-29578,-1217;
-29315,-4239;
-28751,-7129;
-27896,-9994;
-26779,-12730;
-25358,-15307;
-23677,-17781;
-21778,-20086;
-19655,-22210;
-17356,-24039;
-14842,-25631;
-12186,-27043;
-9459,-28118;
-6595,-28906;
-3626,-29410;
-612,-29592;
2337,-29520;
5262,-29166;
8159,-28487;
10976,-27518;
13656,-26302;
16233,-24784;
18696,-23028;
20895,-21054;
22890,-18847;
24653,-16473;
26175,-13886;
27450,-11176;
28411,-8418;
29118,-5508;
29532,-2527;
29608,429;
29432,3388;
28960,6344;
28143,9273;
27068,12040;
25754,14669;
24150,17168;
22317,19461;
20250,21614;
17960,23560;
15518,25246;
12874,26681;
10158,27827;
7364,28691;
4410,29322;
1407,29602;
-1581,29559;
-4524,29278;
-7458,28674;
-10281,27795;
-12991,26657;
-15647,25226;
-18079,23500;
-20331,21561;
-22407,19399;
-24215,17022;
-25809,14549;
-27135,11887;
-28194,9111;
-28975,6217;
-29450,3261;
-29619,315;
-29474,-2700;
-29099,-5616;
-28388,-8506;
-27369,-11326;
-26130,-14000;
-24582,-16561;
-22819,-18951;
-20810,-21137;
-18565,-23049;
-16168,-24840;
-13580,-26373;
-10858,-27550;
-8055,-28511;
-5174,-29181;
-2217,-29576;
768,-29634;
3762,-29359;
6701,-28862;
9562,-28042;
12329,-26945;
14938,-25599;
17456,-23934;
19759,-22096;
21839,-20005;
23776,-17697;
25431,-15257;
26812,-12617;
27918,-9895;
28749,-7017;
29333,-4077;
29623,-1145;
29586,1863;
29225,4801;
28601,7715;
27711,10582;
26500,13298;
25015,15872;
23289,18303;
21338,20568;
19196,22608;
16823,24424;
14299,25954;
11629,27235;
8823,28290;
5981,29047;
3042,29483;
36,29632;
-2949,29516;
-5892,29047;
-8768,28305;
-11575,27296;
-14258,25979;
-16797,24429;
-19126,22652;
-21279,20622;
-23279,18363;
-24984,15948;
-26465,13353;
-27698,10642;
-28571,7836;
-29233,4884;
-29593,1919;
-29563,-1054;
-29345,-4028;
-28810,-6929;
-27948,-9811;
-26854,-12571;
-25452,-15159;
-23781,-17658;
-21888,-19958;
-19801,-22062;
-17480,-23969;
-14990,-25579;
-12380,-26945;
-9602,-28056;
-6724,-28838;
-3789,-29387;
-797,-29620;
2172,-29537;
5079,-29221;
7979,-28544;
10806,-27590;
13543,-26370;
16158,-24859;
18522,-23125;
20730,-21165;
22784,-18990;
24588,-16630;
26121,-14068;
27366,-11367;
28357,-8585;
29071,-5667;
29501,-2720;
29633,252;
29464,3273;
28996,6192;
28191,9062;
27153,11844;
25849,14487;
24257,17017;
22450,19363;
20354,21558;
18140,23490;
15753,25162;
13066,26640;
10341,27792;
7525,28647;
4597,29255;
1665,29577;
-1347,29592;
-4320,29312;
-7217,28758;
-10079,27884;
-12841,26698;
-15469,25305;
-17933,23645;
-20203,21703;
-22266,19594;
-24130,17257;
-25767,14718;
-27103,12078;
-28145,9309;
-28944,6451;
-29431,3513;
-29614,514;
-29521,-2469;
-29121,-5437;
-28449,-8342;
-27488,-11134;
-26229,-13808;
-24690,-16399;
-22921,-18801;
-20914,-21006;
-18715,-23032;
-16345,-24769;
-13764,-26268;
-11072,-27493;
-8260,-28444;
-5295,-29131;
-2390,-29541;
568,-29618;
3588,-29400;
6458,-28916;
9350,-28122;
12129,-27073;
14761,-25705;
17256,-24084;
19580,-22248;
21768,-20147;
23645,-17870;
25299,-15413;
26713,-12772;
27854,-10024;
28724,-7159;
29304,-4241;
29589,-1338;
29565,1626;
29272,4623;
28645,7539;
27737,10384;
26572,13092;
25129,15697;
23438,18159;
21499,20412;
19338,22508;
16992,24287;
14488,25877;
11824,27213;
9044,28221;
6180,29000;
3224,29487;
254,29678;
-2746,29500;
-5720,29106;
-8587,28407;
-11408,27360;
-14075,26109;
-16609,24553;
-19005,22758;
-21189,20725;
-23182,18507;
-24889,16162;
-26357,13557;
-27606,10838;
-28529,8004;
-29161,5030;
-29523,2100;
-29600,-847;
-29363,-3812;
-28829,-6747;
-28031,-9599;
-26947,-12382;
-25563,-15032;
-23885,-17524;
-22052,-19839;
-19952,-21912;
-17619,-23823;
-15191,-25471;
-12538,-26865;
-9763,-27984;
-6902,-28790;
-3985,-29369;
-1024,-29616;
1995,-29540;
4929,-29217;
7801,-28591;
10618,-27656;
13346,-26468;
15954,-24996;
18383,-23236;
20618,-21294;
22623,-19124;
24437,-16747;
25993,-14222;
27266,-11522;
28311,-8745;
29052,-5872;
29480,-2889;
29615,72;
29478,3018;
29053,5966;
28268,8869;
27221,11675;
25955,14347;
24369,16867;
22554,19213;
20520,21386;
18282,23357;
15873,25076;
13257,26506;
10527,27686;
7676,28616;
4765,29266;
1825,29583;
-1168,29605;
-4126,29368;
-7052,28791;
-9917,27927;
-12630,26812;
-15272,25395;
-17779,23722;
-20035,21855;
-22128,19760;
-24015,17428;
-25630,14927;
-26967,12303;
-28028,9514;
-28846,6607;
-29399,3701;
-29618,772;
-29529,-2239;
-29178,-5186;
-28508,-8057;
-27540,-10926;
-26337,-13619;
-24846,-16180;
-23105,-18600;
-21125,-20819;
-18910,-22858;
-16531,-24612;
-13963,-26117;
-11289,-27392;
-8473,-28386;
-5575,-29099;
-2660,-29519;
316,-29613;
3305,-29437;
6271,-28970;
9140,-28174;
11936,-27127;
14573,-25818;
17065,-24243;
19419,-22418;
21566,-20363;
23522,-18089;
25215,-15645;
26631,-13014;
27791,-10266;
28688,-7459;
29293,-4511;
29591,-1543;
29581,1443;
29308,4435;
28738,7333;
27826,10164;
26694,12891;
25274,15493;
23559,17957;
21683,20221;
19520,22295;
17179,24155;
14685,25735;
12015,27079;
9241,28136;
6344,28935;
3455,29457;
480,29637;
-2534,29523;
-5442,29130;
-8354,28460;
-11210,27451;
-13885,26182;
-16425,24660;
-18813,22867;
-21029,20881;
-23013,18687;
-24750,16257;
-26280,13690;
-27513,10998;
-28479,8164;
-29183,5298;
-29539,2330;
-29601,-686;
-29410,-3648;
-28909,-6576;
-28092,-9426;
-26987,-12204;
-25642,-14868;
-24027,-17346;
-22167,-19683;
-20098,-21833;
-17811,-23733;
-15341,-25368;
-12672,-26767;
-9915,-27932;
-7112,-28772;
-4187,-29349;
-1219,-29653;
1789,-29583;
4762,-29215;
7635,-28639;
10489,-27737;
13185,-26523;
15806,-25054;
18287,-23328;
20463,-21399;
22530,-19226;
24371,-16914;
25906,-14401;
27222,-11689;
28264,-8959;
29019,-6066;
29490,-3073;
29642,-134;
29474,2858;
29042,5801;
28326,8679;
27293,11522;
26023,14187;
24492,16740;
22702,19113;
20699,21283;
18418,23267;
15984,24970;
13403,26429;
10709,27645;
7919,28596;
4920,29233;
1987,29580;
-943,29613;
-3943,29367;
-6849,28841;
-9762,27986;
-12527,26869;
-15136,25494;
-17614,23853;
-19898,21955;
-22037,19839;
-23892,17527;
-25531,15053;
-26932,12436;
-27986,9682;
-28805,6803;
-29368,3885;
-29582,922;
-29526,-2105;
-29224,-5033;
-28562,-7928;
-27593,-10776;
-26403,-13498;
-24918,-16081;
-23164,-18468;
-21209,-20723;
-19025,-22727;
-16648,-24508;
-14121,-26064;
-11418,-27313;
-8604,-28340;
-5746,-29062;
-2740,-29489;
254,-29621;
3167,-29441;
6117,-28979;
8973,-28217;
11742,-27198;
14423,-25902;
16946,-24317;
19300,-22477;
21483,-20408;
23413,-18178;
25118,-15763;
26601,-13145;
27747,-10400;
28621,-7564;
29256,-4679;
29585,-1719;
29578,1276;
29320,4275;
28752,7198;
27879,10034;
26769,12824;
25339,15424;
23661,17866;
21768,20171;
19639,22248;
17310,24067;
14801,25663;
12137,27027;
9378,28086;
6557,28866;
3582,29411;
558,29650;
-2360,29541;
-5317,29176;
-8242,28503;
-11023,27491;
-13728,26250;
-16296,24738;
-18711,22977;
-20920,20975;
-22904,18787;
-24679,16422;
-26209,13852;
-27469,11149;
-28442,8332;
-29124,5434;
-29508,2518;
-29624,-464;
-29423,-3483;
-28928,-6358;
-28153,-9261;
-27090,-12048;
-25738,-14654;
-24120,-17209;
-22308,-19532;
-20224,-21695;
-17948,-23611;
-15531,-25265;
-12920,-26708;
-10134,-27862;
-7282,-28732;
-4405,-29325;
-1442,-29638;
1571,-29600;
4552,-29285;
7443,-28686;
10283,-27784;
12992,-26647;
15608,-25185;
18115,-23506;
20344,-21616;
22414,-19420;
24241,-17087;
25815,-14548;
27170,-11866;
28166,-9153;
28954,-6232;
29479,-3310;
29637,-401;
29515,2631;
29090,5584;
28387,8477;
27390,11299;
26133,13993;
24607,16533;
22847,18884;
20843,21049;
18573,23046;
16202,24813;
13627,26312;
10915,27584;
8121,28526;
5224,29195;
2237,29568;
-758,29616;
-3697,29405;
-6648,28918;
-9511,28067;
-12312,26935;
-14969,25625;
-17454,23980;
-19763,22118;
-21885,20029;
-23784,17735;
-25401,15308;
-26799,12633;
-27900,9886;
-28752,7047;
-29386,4094;
-29625,1150;
-29545,-1838;
-29260,-4837;
-28624,-7754;
-27697,-10555;
-26539,-13285;
-25064,-15914;
-23320,-18291;
-21362,-20530;
-19189,-22631;
-16861,-24424;
-14358,-25997;
-11646,-27286;
-8855,-28312;
-5982,-29042;
-3012,-29454;
-34,-29625;
2933,-29481;
5885,-29048;
8771,-28285;
11538,-27275;
14219,-25979;
16759,-24387;
0,0;